2.604325099881357394e-02
4.388765954408727077e-02
3.709627389700039662e-02
2.676882648170075818e-02
2.278144857128258302e-02
2.700854340562477973e-02
2.599775890919780313e-02
1.991573969947427886e-02
1.525855696472826206e-02
6.413076109821402859e-02
2.263976670735070446e-02
4.311383520863337759e-02
4.410536569364677945e-02
2.003575501854524057e-02
3.802951009336139748e-02
1.707693934329923557e-02
3.051793156484217118e-02
3.215251857448479800e-02
3.955084105174405673e-02
1.708623524139475658e-02
2.349983603852575167e-02
4.851676481687242776e-02
2.697288403742935034e-02
6.404437413296654169e-02
1.111923018157080778e-02
2.750354718455304617e-02
3.441349166838050117e-02
3.299039290383945500e-02
3.528804793971631465e-02
4.314646622574750540e-02
2.763960258278670701e-02
6.093398872429146851e-02
5.881340525947821585e-02
8.149554177266762900e-02
1.553357379441199643e-02
2.626524044927439072e-02
1.016114600100880005e-02
2.326585360917264936e-02
3.049019315348237141e-02
8.697136791891466046e-02
2.343570492118809273e-02
5.681941043231743954e-02
4.999369960734115215e-02
3.409758809355137310e-02
2.971563448583616762e-02
3.262473434368273750e-02
3.475778097897329333e-02
6.649215163190581868e-02
3.286367976242608735e-02
4.185994638647041327e-02
1.902707862125754129e-02
7.414853961540650296e-02
1.367402771113239435e-02
1.478718940960463066e-02
2.926517483389068364e-02
2.757495471252064886e-02
1.981607891643337449e-02
5.877638229426636329e-02
5.805721535704252978e-02
2.861096829929689334e-02
3.103630414809715327e-02
6.422165918348538005e-02
5.228057509351081988e-02
2.343988769578708373e-02
4.630695362727722808e-02
4.337711476621029794e-02
4.862495474361651360e-02
3.711115809988482783e-02
2.176852247670812632e-02
7.007479145254950914e-02
4.744054266418573640e-02
3.960924548690805680e-02
3.154426687645316141e-02
4.362208453066107605e-02
6.124799420189786653e-02
6.308920288328959125e-02
1.698453366339281248e-02
2.625463815229667208e-02
3.036999289013969650e-02
3.200401798831849914e-02
2.025522145213600606e-02
4.064532441527261841e-02
3.443286964190123145e-02
2.037445178022739833e-02
2.917612141046339175e-02
2.357350864821713271e-02
8.111582289057714390e-02
3.253600233602165631e-02
3.837314996061852446e-02
2.484177552554819174e-02
8.272970179488378650e-02
2.699730241392859706e-02
5.612652917606299890e-02
2.918307273937674473e-02
3.059925339326164881e-02
2.097534371314550491e-02
3.171395249670578426e-02
4.016608863586808298e-02
3.654471196754673079e-02
3.210152252169434089e-02
6.149658633700380572e-02
4.080020097219035080e-02
7.078218933478575003e-02
1.447158073660073825e-02
2.075397791949317589e-02
2.250802841941242430e-02
2.801995012555580367e-02
5.325607648023952118e-02
3.180703176509348806e-02
8.063906282051437613e-02
4.969889333821943256e-02
2.439961591557752302e-02
3.090481873654169279e-02
9.996255866105353133e-03
5.436749975010812808e-02
2.782165032440844787e-02
6.378497363928421586e-03
3.489618967282835660e-02
2.945933060739148665e-02
2.193171137019418737e-02
1.884869922216198673e-02
3.175927486537552524e-02
1.003931549558040315e-02
6.923672563113938971e-02
4.014274450175110698e-02
3.313834184681092865e-02
5.815729732869637930e-02
1.783046336523452444e-02
3.561427820776121023e-02
3.714274088573414623e-02
6.265069112261398288e-02
6.116778249603425921e-02
2.432265649631776966e-02
2.740202749517021974e-02
2.941164987386879481e-02
6.672970590935706214e-02
4.498296678569450868e-02
3.099341966104381119e-02
3.465031323576264755e-02
2.120040265724441875e-02
6.669639399027739446e-02
4.384507808892552927e-02
2.565980727977215312e-02
2.714451519151586667e-02
4.951840725071540716e-02
3.422549927170363826e-02
3.903665755610950805e-02
6.350892599619714640e-02
2.039072999607917380e-02
5.086767299275872511e-02
2.553414300149244032e-02
6.616358801042250548e-02
4.542867227927727125e-02
8.691223949237662783e-02
4.284008942247528873e-02
1.820508708291402808e-02
5.072442563064839816e-02
1.787389101167104200e-02
3.579359211390154005e-02
2.023665786236261699e-02
1.392139350684471616e-02
2.780313310538407023e-02
1.733161932121979332e-02
1.719388912686326334e-02
3.796575245514979130e-02
2.801198742834557637e-02
3.427095936794806452e-02
3.458301623580876949e-02
6.522715864081196635e-02
1.330958687977935526e-02
6.785413240635657789e-03
3.628145183442636063e-02
3.238407921903167785e-02
1.495191797660818528e-02
4.683790965721320448e-02
4.244321408963454278e-02
7.130427955271383123e-02
4.533357708318785234e-02
3.698036483305616046e-02
3.342031870304058155e-02
1.906685656309690946e-02
2.244350479206224519e-02
5.009698855960385833e-02
6.605213315429615817e-02
5.370985923246168747e-02
5.958624605403083085e-02
2.320613869187326470e-02
3.362500524949296049e-02
7.498163347692914094e-02
6.468704638842748267e-02
4.949090189829536551e-02
1.869604686546004826e-02
3.203301058392031553e-02
1.568660944442044902e-02
2.699782580874007798e-02
3.278414580549554591e-02
3.464464374248986400e-02
5.323987106944862158e-02
1.691462921395945132e-02
4.908893853486558101e-02
2.713483227027625039e-02
5.871744019860313663e-02
2.978716272061643355e-02
2.239506084812906139e-02
4.059990320420216875e-02
2.121665390860654962e-02
2.207271353137539582e-02
3.667549606216070901e-02
5.466994808820360013e-02
1.515630814809549795e-02
3.205644046280898413e-02
3.250717041207670105e-02
5.135463080042466932e-02
1.914262235773192197e-02
3.962714536299231927e-02
6.566979221752546059e-02
2.680484420146888452e-02
3.501003891079643160e-02
5.846057530621404097e-02
5.256509731710293232e-02
5.877734161003324298e-02
9.653545694626819093e-03
1.683661538456992721e-02
2.113179046216560886e-02
2.785647523517934682e-02
1.265243162407564403e-02
2.700540026579375391e-02
6.209449620868789932e-02
3.596363986450869937e-02
1.395816363832308449e-02
2.311706717487320428e-02
1.963130782065011098e-02
3.201709785449747409e-02
3.418637529792507845e-02
2.375541967448933922e-02
2.455390438885155305e-02
6.628178326716192836e-02
5.756593802939129201e-02
2.568941732492516922e-02
5.596814021966874109e-02
2.709259835696027630e-02
3.422575116689083319e-02
1.862089298015784378e-02
8.584478553333959802e-03
2.348027947775703853e-02
1.376530045626212125e-02
5.053242379625783043e-02
7.752763867069316361e-02
2.186250647473615000e-02
3.599594117375476410e-02
3.047170500332150103e-02
1.502080559708022373e-02
3.048087018252903027e-02
2.183166141075510228e-02
1.012315380757435566e-02
6.475902203410080493e-02
3.032790310143934631e-02
8.040428108799306528e-02
5.855500513042764810e-02
1.801361091645928975e-02
2.732891905541313601e-02
5.669600868806162763e-02
3.425957798498784068e-02
2.415285802224990952e-02
1.699042089679800652e-02
5.188645709667127903e-02
3.086613336095117219e-02
4.761930140086594043e-02
3.438762529742138419e-02
4.965381105728527283e-02
5.598402524828569038e-02
3.373239846590007918e-02
2.262430753483340301e-02
6.319399771952792511e-02
3.849308527192351476e-02
3.318388347377380226e-02
5.668924944414582140e-02
1.135533135203976862e-02
2.952333554246443226e-02
3.467790052759317510e-02
2.906227694813437804e-02
3.853818402790904624e-02
3.112184551159048393e-02
6.066589594658482881e-02
2.460842221710004413e-02
4.706327283634684222e-02
1.873271347106017851e-02
4.018020306091157900e-02
2.404227548085410837e-02
3.409671093070375941e-02
2.243420886854198548e-02
4.100321027654129508e-02
3.657690849757583296e-02
7.454239616448599288e-03
4.139415764388711116e-02
2.417786766508404905e-02
4.629804561235274785e-02
3.400867858121945503e-02
2.137231645770133054e-02
2.123538827833938367e-02
8.430997518855795625e-02
5.230124735269199576e-02
2.998227807722403382e-02
3.175806205950575806e-02
4.149738522062621643e-02
2.694988866945392803e-02
3.867307752806537630e-02
4.770511271639170381e-02
1.241043782273571622e-02
4.372124525454081090e-02
1.959829783872188771e-02
2.284918484373654746e-02
3.825277191815296823e-02
5.564079829307546493e-02
3.117065277657269165e-02
3.597887947082799298e-02
1.803017997083663365e-02
3.262256135705134813e-02
2.850251525646382844e-02
3.933056229282822641e-02
3.567914264553227743e-02
4.493549376765809678e-02
9.865096032952133664e-02
6.167716496956818922e-02
4.010521801110357443e-02
1.976741660027026004e-02
6.319440812401228014e-02
2.850415327874910448e-02
5.548354250130037302e-02
6.131107287023487840e-02
3.359296793884916643e-02
4.899876760993293612e-02
3.141739109237327854e-02
2.308542432913694015e-02
5.780634110332527609e-02
6.886721183183720785e-02
2.346144352144670028e-02
3.644780396423173696e-02
6.450872746487437692e-02
2.263462684036928949e-02
3.735930539349162360e-02
3.428254584231544416e-02
2.326281856016917948e-02
5.030912197497673655e-02
8.787073339943075878e-02
2.189192394279779186e-02
3.912884103838012301e-02
1.372031401379256166e-02
5.103385499524749902e-02
1.318700644097529212e-02
5.747680136452405775e-02
4.906785838149409912e-02
4.916298806365877044e-02
1.830621601581057523e-02
4.863260526030711850e-02
4.922923956469119067e-02
5.459761997980746434e-02
5.044776399853907051e-02
1.652139745143405003e-02
3.072505892819999210e-02
3.188668947690840444e-02
3.920595087263459289e-04
3.582916566244816192e-02
2.042656202472028365e-02
3.925771516186554733e-02
1.847684488384190166e-02
7.434535863172096748e-02
2.221737389072917651e-02
5.392457233170357134e-02
1.847328542322194955e-02
8.192918302716062362e-02
2.331354099242547925e-02
3.297694505080338984e-02
5.992944700833581495e-02
5.266169954758657956e-02
3.804249205473106410e-02
5.461727182435164446e-02
4.471618068076332886e-02
1.648440436748919297e-02
1.702352423082723748e-02
2.112363682537845427e-02
3.113645210264029406e-02
6.632617473769653049e-02
2.873846510454786812e-02
3.366933563325216067e-02
5.457920751743540466e-02
7.284890319459903785e-02
1.345452868182780287e-02
3.150372253671624573e-02
5.661658747116142532e-02
4.460923992650567965e-03
3.615651331684016645e-02
3.744119137105142436e-02
4.273904521011064050e-02
4.086585674546554248e-02
3.437587551789602486e-02
2.007924662057462839e-02
3.732737698022435546e-02
6.477707129740943592e-02
2.911102596031972523e-02
3.534320972543893852e-02
2.610578868369860250e-02
5.827225267795804742e-02
6.506234648723160929e-02
6.341814653433502924e-02
8.860986945065793541e-02
2.464463357330791415e-02
4.566451734873547275e-02
3.309820881726743824e-02
4.040014707578654107e-02
7.155258800793243279e-02
5.590111203764890763e-02
2.778084832552232819e-02
2.124995151148877104e-02
5.886630750275833115e-03
5.552162925269688715e-02
3.393011906259303656e-02
3.575417876457950839e-02
2.822482463866213959e-02
2.149856480422975002e-02
3.888185059985715258e-02
7.632759626097643246e-02
2.344013467768365014e-02
5.668326055172935585e-02
1.443558277576813265e-02
3.062874713168830393e-02
1.693780076879276841e-02
9.702146448236387277e-02
2.737786928562759015e-02
3.045862575609489808e-02
3.139310751004020794e-02
2.846084169326801652e-02
7.143520515812588900e-02
1.936637496662200336e-02
6.899845436022819523e-02
4.568780032181087025e-02
3.650121943697720583e-02
6.249049729621444782e-02
6.028851525390274690e-04
3.305863628247385222e-02
2.840358232021165941e-02
4.275236056673197699e-02
1.292220864337023656e-02
2.479442917605608962e-02
9.189338175292244282e-03
4.773653994254292710e-02
4.665449062779040978e-02
2.999178248004589348e-02
6.482632788465265972e-02
6.149297712059738352e-02
2.388571961633532623e-02
2.829805168506900268e-02
3.135421022104033228e-02
2.935724827450635760e-02
6.065906273315006814e-02
1.795165618299868898e-02
3.953500911880430957e-02
3.556402576146058814e-02
2.072379813709243623e-02
1.526405845248785670e-02
2.506502217925515169e-02
3.118946389195676600e-02
3.475692288169967420e-02
1.113593438183893558e-02
6.411782375864484573e-02
2.542114594311893280e-02
2.544466341039713919e-02
9.388237158344994032e-03
1.528880182505452934e-02
3.881727305763957303e-02
2.012681792620811885e-02
2.666594908427533800e-02
8.005190744532802993e-02
3.310496867539355903e-03
5.417332175800373961e-02
3.661546896214110114e-02
1.048478993452465202e-01
2.016782686677741354e-02
1.293737482951629048e-02
7.080970999944677380e-02
8.069305406044822992e-02
3.653042244130816352e-02
7.565840836399301272e-03
3.726092878538157793e-02
3.133879979450129860e-02
2.212140741915911979e-02
1.733700711387736737e-02
2.838742069142100033e-02
3.038542568499893320e-02
6.464713146708278568e-02
3.944750661075017983e-02
5.827953102317409706e-02
1.698268994916131425e-02
3.245035437751517260e-02
4.234360857400947670e-02
4.614960785818553179e-02
4.109480000755649787e-02
3.991428601302475510e-02
2.488661192623377316e-02
3.993684348163063780e-02
2.950106971218748736e-02
6.208664494027719971e-02
1.361212938344031481e-02
6.863241417608824391e-02
6.312725267618606029e-02
9.109292934462377006e-03
3.439692156025071085e-02
5.053601071563926933e-02
3.930725799423422789e-02
6.402312293962970913e-02
2.875740383362499972e-02
3.054050510818849540e-02
2.954980428094115125e-02
2.051932759929667865e-02
5.844688398490026360e-02
6.553036048799697200e-02
2.314926205643268176e-02
3.002330706166813495e-02
3.266468679501841749e-02
1.241027299738229131e-02
4.485413199807024298e-02
4.729381229768013506e-02
3.220418889511470623e-02
2.907482148072728506e-02
1.113883753476847815e-02
1.902457601212370619e-02
5.775914482937174327e-02
5.719794391525683669e-02
5.447098238677559184e-02
1.572632686808714958e-02
1.207291199716487018e-02
2.433805845398127887e-02
3.136766363215921782e-02
3.150357082818656951e-02
1.051591696815792204e-02
4.981007529667995370e-02
3.222866750460853108e-02
3.517986541050686922e-02
2.504772337775091479e-02
7.027144297761626912e-02
3.753750614162911642e-02
5.599281685814545134e-02
2.436755444389547900e-02
2.643746481105702789e-02
2.958108991708952723e-02
2.896929512577609001e-02
4.410401007211975366e-02
2.416555531799481973e-02
1.435640289825249397e-02
7.094111043105671977e-02
2.350758088305848759e-02
3.153335805237775930e-02
3.095833709433229095e-02
2.254281481484429750e-02
2.976460714913627126e-02
6.682360940821271966e-02
3.615526628304441270e-02
2.247624309303259196e-02
3.526087136805589051e-02
1.136452856334841353e-02
2.361484042134460309e-02
6.758093244016993850e-02
5.734858238876050507e-02
2.917597228681396981e-02
4.156681186336885769e-02
5.505698309295085913e-02
3.994636727950270916e-02
3.946809907219098190e-02
4.792798867043752964e-02
7.374758821070709174e-03
2.760837729993692938e-02
2.440912974191497206e-02
4.062982711404624497e-02
7.123491061306785888e-02
2.578663584805000394e-02
2.402746779874130600e-02
2.713620790373940522e-02
3.667563419946616443e-02
2.995868904181176254e-02
7.101517423837565290e-02
5.114696653645302293e-02
9.307909924270324487e-02
5.299835170506288912e-02
2.587818548814279501e-02
2.657300650677101028e-02
3.101468043246402920e-02
5.761281799204790582e-02
3.466581406921410285e-02
2.051187389315037302e-02
2.826432197002796964e-02
1.931735953389614874e-02
4.162493567289217433e-02
2.560826572629843964e-02
1.548159310821149715e-02
5.506217947268913365e-02
3.299075001561902615e-02
1.101197262945280073e-02
2.611519462843882658e-02
7.224607922634031232e-02
6.368160619258926569e-02
2.333893161190377444e-02
5.765927100320393517e-02
6.916392791229770964e-02
6.935013065538786492e-02
1.740421205787786446e-02
3.517428996868330465e-02
2.578787481605482323e-02
2.457154571461876019e-02
2.285918798887915521e-02
3.590897550181187253e-02
3.992299450925586995e-02
3.289154856709428087e-02
4.229528145613821455e-02
2.321786815053974301e-02
2.242037434315105604e-02
6.464272540205071027e-02
5.482366363694782252e-02
2.621329745840969908e-02
4.799384866389773407e-02
2.008434580733968466e-02
2.845845798604662233e-02
1.845806300555527524e-02
7.002329624868677826e-02
9.826751081480986083e-02
4.639866367896822164e-02
2.830789908695428847e-02
5.264740264660879715e-02
1.341646723425150151e-02
5.929754130039982529e-02
1.939439397177227312e-02
2.523382501686033397e-02
1.176046290069648892e-02
3.285061477278031911e-02
3.487624553094546831e-02
6.232629086919505568e-02
2.447190799035223879e-02
5.890269071815844998e-02
2.361813338513420180e-02
1.511658150928836541e-02
3.496835429931009764e-02
2.889428485020878457e-02
3.440138163454814491e-02
4.182311588333867403e-02
1.882292668097747951e-02
5.743912763686639944e-02
1.099692581667019720e-01
4.315486982523791815e-02
5.191143189600869179e-02
2.770789028119035463e-02
3.037088523601265411e-02
1.756982062145403048e-02
2.844967996460469328e-02
1.674412275982805828e-02
2.060723298975807027e-02
1.849095368658874861e-02
5.360974264278847712e-02
4.728486799523470147e-02
3.961715049930081278e-02
2.615126384911883872e-02
4.929526372612234170e-02
4.142939135942055179e-02
9.075257826957304486e-03
2.567980251489699120e-02
2.913102885282691651e-02
6.248845517257257953e-02
4.040992990062469009e-02
1.765205223213386562e-02
2.398058365719517304e-02
2.106513955852205508e-02
2.362844925268006713e-02
2.084288719588205108e-03
2.373026686634523152e-02
2.075912808151952893e-02
4.662472332348265025e-02
6.738835457789803252e-02
1.805153998795758913e-02
4.743058740403222062e-02
6.420387744094274707e-02
1.908046938572435097e-02
3.242762524679158181e-02
3.163913237937057699e-02
3.667279540179957387e-02
4.518243320664849794e-02
4.110499804927403300e-02
3.925446189369667660e-02
2.848324601666346254e-02
3.956424447989183302e-02
1.461166081613669843e-02
4.965186748921443516e-02
9.051371715621092662e-02
3.816678770987480540e-02
2.448984978952345459e-02
2.193867814750124351e-02
2.233089397770351980e-02
3.186483459266381546e-02
3.016505734818701254e-02
1.094450566633263511e-02
6.057286557104176600e-02
5.468937161483700821e-02
3.788948102932888917e-02
7.224975542171778453e-02
3.155099478265793039e-02
3.745556317771536053e-02
2.717299921727205081e-02
2.706196148460793260e-02
2.295224798068278699e-02
1.478105933341338635e-02
5.513993449853678286e-02
9.041476990756568133e-02
3.077159510129047482e-02
7.848838089881242375e-02
3.049763260586700608e-02
3.525510170606354493e-02
3.335552916928392203e-02
2.083546403137586170e-02
3.305771626252797246e-02
6.102911140894823339e-02
4.772288025809187650e-03
6.661592142391921378e-02
7.285095661436402636e-02
5.479787845153127890e-02
2.020365045680776878e-02
7.865597639121493789e-02
5.508682265353959107e-02
3.509434724117325988e-02
5.539187588848544508e-02
1.573219297651159976e-02
2.892098078677871054e-02
3.047109503844842859e-02
2.397624893206098257e-02
2.253084026101313808e-02
2.800106550993884322e-02
4.701623840759937278e-02
5.204292623208271740e-02
6.289596186892941476e-02
4.528020359194966094e-02
6.866301497769213003e-02
5.383348325739573115e-02
2.874636922441637862e-02
3.373446787903072730e-02
6.539394359085520803e-02
1.818285441886876436e-02
5.795467049000991439e-02
2.720633911369546576e-02
5.779413413625708595e-02
4.234336817225213545e-02
2.903881781437751136e-02
3.731030696586121881e-02
1.994409122702862913e-02
1.545513871372229328e-02
4.544830742943668789e-02
2.535141182294466111e-02
8.221959999646040462e-02
6.782674259820284379e-02
3.135977499280864778e-02
7.693677868806407527e-02
6.076706306586233952e-02
1.241659353603708979e-02
1.159024718135508170e-02
2.060547202477330808e-02
4.370546232783395491e-02
5.194662773284018653e-02
6.826690086655319567e-02
3.809910732495256497e-02
3.521693201027439879e-02
8.326921608322122859e-03
2.680904924619886137e-02
5.962862883961880800e-02
3.248209767896925726e-02
3.264275225466566066e-02
4.316942958644128664e-02
4.956690151057706328e-02
6.383636219812065249e-02
2.213155617221277544e-02
7.753292120040432278e-02
1.309059752216352318e-02
4.431395240108827738e-02
3.760083847246376704e-02
4.685229554738384178e-02
1.753123387937928143e-02
3.716284439847543364e-02
2.840802690450015822e-02
9.278552447317543750e-02
3.564926733623463573e-02
1.777571228995909747e-02
1.821459112281095458e-02
-1.491929449112743000e-03
2.782156321282180239e-02
7.682246001354128828e-02
2.474368646943448172e-02
3.954056177582034731e-02
8.858786267422398553e-02
4.389818517125290698e-02
5.252599405815087941e-02
4.567325412612475988e-02
6.579890913741962000e-03
8.291698966107084734e-02
2.801336573144348752e-02
5.222452245568443702e-02
2.077070932375377210e-02
3.255420821106804613e-02
8.695027943118920077e-02
2.369510965445089518e-02
1.921859718126273098e-02
2.344819625322739493e-02
3.066226752537012587e-02
2.000626347518519310e-02
6.084966023513095623e-02
4.267541787444846524e-02
1.996936098098596110e-02
1.052850779598074604e-02
1.103647158890414676e-02
4.068379184386974878e-02
1.884981332125566789e-02
2.228214975480616658e-02
1.453781684208355074e-02
6.005632705230731783e-02
2.158916692678051336e-02
5.799361815739068060e-02
3.595080781817507065e-02
8.621990176441370057e-02
7.615929434601984016e-02
2.934005791774827593e-02
3.557551802728619456e-02
2.397498367565578659e-02
3.428775185551856397e-02
1.514397659961982424e-02
4.604550714173030052e-02
3.446141107346823579e-02
2.567485464639650619e-02
2.183845061599939269e-02
4.134213396585852129e-02
4.979012924161419634e-02
3.015066949441290445e-02
4.640803757299243049e-02
2.694197348864238450e-02
2.148899394687924999e-02
2.268325467285375180e-02
3.468509539774759787e-02
5.765218864346990935e-02
6.170389018523566443e-02
6.082208584701788434e-02
4.451347059021996955e-02
6.006106857445897562e-02
8.090088455715560567e-02
5.630351554736153646e-02
1.647075545910855338e-02
3.664716253855608563e-02
2.987490577867231434e-02
4.209927349708572630e-02
3.352758226117172335e-02
2.750935656302835181e-02
9.175979770058206864e-02
7.855537017481240003e-02
3.145959723418691178e-02
2.761449463817774314e-02
2.084765334178646790e-02
1.932892778520938631e-02
1.485294256911746935e-02
8.414733502753440897e-02
3.932700323830835148e-02
4.857067104964012116e-02
3.741825963036840563e-02
1.788889959195211904e-02
7.706552871242818015e-02
2.222122305652487334e-02
3.250569728192802266e-02
6.741363604219147154e-03
8.223890914001587282e-02
5.495796872090515789e-02
2.334089023915772443e-02
3.862998230602482375e-02
2.839573020887948759e-02
3.033985131946071584e-02
3.738323958745087827e-02
6.229163450151776332e-02
9.218980530559951758e-03
1.931485773606099465e-02
5.017220274043531630e-02
3.863238402091585810e-02
4.038645578152459670e-02
6.435271398245984154e-02
1.757420160328544700e-03
3.372208100848286122e-02
4.085653670335717691e-02
7.074142985211626100e-03
2.191726429055849967e-02
1.922784311091763759e-02
2.467380049803925487e-02
7.759230007806958151e-02
1.685354820167259821e-02
5.802542745699679899e-02
1.624249693658737226e-02
1.644049300850543294e-02
5.974488444500355988e-02
9.271285219481343459e-03
3.637043852805905975e-02
1.567500903972527532e-02
6.622374620589065175e-02
1.741983957081003759e-02
1.601435311344861015e-02
2.576903023370285747e-02
5.562865783560855260e-02
2.354681418492654207e-02
6.413461741393179649e-02
5.197881275458231254e-02
1.473547751712428466e-02
2.588927286200123218e-02
4.188892086607800408e-02
6.381949130894132294e-02
2.311654480263915235e-02
4.087765792444229829e-02
1.395496159423743714e-02
2.505470082737872028e-02
4.048777452046233016e-02
2.052002746112451675e-02
1.750972881542381399e-02
3.663828046659273197e-02
1.989941283333129807e-02
4.730458972838259835e-02
2.133904814865436594e-02
1.072498685642824488e-02
2.006282879378581963e-02
4.280551910704145230e-02
4.071259838748596954e-02
2.303602327386320564e-02
3.112090371492734833e-02
2.272224737870976244e-02
2.518805295657484608e-02
5.015670209976626909e-02
4.761825203195690220e-02
6.236010213688914644e-02
1.416252854456281907e-02
2.139496159686803817e-02
8.236005252064595994e-02
2.323100777942947032e-02
3.583198176862662648e-02
2.739329362627707098e-02
2.651736163744982527e-02
2.377961471922486122e-02
5.530963792248690114e-02
5.752209938315797771e-02
3.840000102788618253e-02
1.085111191440338643e-02
2.429786400475933764e-02
2.593278807300178346e-02
2.922236289722944524e-02
2.187286322997417098e-02
3.395682560305463699e-02
7.242400936104985421e-02
5.569889686967062492e-02
4.804948611965834809e-02
4.253194323000276250e-02
3.736030653258361200e-02
2.391698044087764430e-02
2.924755144779454114e-02
4.512719527744391695e-02
6.687236212295787074e-02
5.974522982807420335e-02
3.525434109982823055e-02
4.381689413422718699e-02
4.819285039846437496e-02
2.054438213469532426e-02
2.680251094652418009e-02
2.307990320992089200e-02
3.712139741922890895e-02
3.094938022274579259e-02
1.794704538432221122e-02
5.307664160586064717e-02
1.555773592625958948e-02
8.024699554762396159e-02
3.938350705256932899e-02
6.506322691256428981e-02
2.583407442054762304e-02
6.029579876206488803e-02
3.629098982891970637e-02
4.026378388183152884e-02
4.702649737641646788e-02
2.310087841657279192e-02
6.394597051633998941e-02
2.380163439389826330e-02
2.786555224415923626e-02
5.548396401658661770e-02
2.355842829343698930e-02
5.212508880884306889e-02
4.121545227474877893e-02
2.487750868534196330e-02
4.800579764760237733e-02
1.328197149185712800e-02
2.077926863868199622e-02
6.591884980437925923e-02
2.424161888811079968e-02
9.248695535872052814e-03
3.098908316220047587e-02
4.582746503913570635e-02
4.357562617840890495e-02
7.243932563511870648e-02
6.537360344373606413e-02
1.977956846259377316e-02
1.792350357683452494e-02
4.618544621868082151e-02
3.135299650503298868e-02
5.727038123391064300e-02
2.498965836903279183e-02
2.674241214790767929e-02
3.221363967079990398e-02
2.595974884881745506e-02
1.987400763330133754e-02
3.202738064628149472e-02
2.561667936061965897e-02
2.245681871005340488e-02
2.462410180012485766e-02
4.653209603358732238e-02
2.934214334412278344e-02
2.685382640067275964e-02
8.586168849905474049e-03
2.049694930347108549e-02
2.863874151154927050e-02
4.347390508326939157e-02
2.955940773354768375e-02
4.014465043356226642e-02
2.148614896838842159e-02
3.559042447579413571e-02
4.186079804947225730e-02
5.016146143489554066e-02
3.254030366639319716e-02
5.967024072324011996e-02
1.180224340016036710e-02
5.693526082067013050e-02
5.671199890163357987e-02
6.289041067917063021e-02
2.379315506127879093e-02
2.043660614069789036e-02
3.301392809514605564e-02
8.430338728944886117e-03
5.518467167721399086e-02
1.951440910918019606e-02
5.513944166866603658e-02
3.787600512837925593e-02
2.913802720520990500e-02
7.566108769778213949e-02
2.250597441279571231e-02
8.590579847691490190e-02
2.830484598805952517e-02
3.843623990587348438e-02
1.664506553184653265e-02
5.712558450127463300e-02
4.428434500340931029e-02
3.377959927362168824e-02
5.814541401149284083e-02
3.287197027235249508e-02
5.522326052472283087e-02
2.814118905623483324e-02
4.010220856580411913e-02
3.740178652725659886e-02
2.555274534306986589e-02
1.363284867642227532e-02
3.836574355522083535e-02
4.849156964573327760e-02
3.418751165139519155e-02
1.674536310685417750e-02
3.966051731074921732e-02
3.619189858659451614e-02
2.780822088180478352e-02
2.514283150431381036e-02
2.149260913368362252e-02
2.043922907767575792e-02
3.740166975209796574e-02
7.407589232118988454e-02
5.067895507390003662e-02
2.915969007802923091e-02
3.094539679736064280e-02
1.734517789043739031e-02
4.753691139966916002e-02
2.817173422620659895e-02
5.413398007838045312e-02
3.243794898697607842e-02
3.301701946370921847e-02
4.979310309028987802e-02
2.443953981145899693e-02
2.958585717362050699e-02
1.826675468130381161e-02
2.998086377292562971e-02
2.626019985394727890e-02
7.359279256222708843e-02
2.344863857804331542e-02
2.255109450731668241e-02
4.940700394706792203e-02
3.594876570889745521e-02
3.244192399540014177e-02
3.433064623230261403e-02
4.374912785071906340e-02
2.760816320547204369e-02
3.332386361217035131e-02
3.471176421074474022e-02
3.218780876888865938e-02
2.394037052864909920e-02
5.181634354042037073e-03
2.553644863593575870e-02
3.515459300316180202e-02
5.836426349977134886e-02
2.716743967492028441e-02
5.443368436630331361e-03
8.997435522479762388e-03
2.970005626635884716e-02
6.545246553038831794e-02
1.987261647257043684e-02
2.364328985753324022e-02
6.877042025667164105e-02
3.295501892207326755e-02
3.686593219838713714e-02
3.062754752881399062e-02
8.064011055457367960e-02
2.492850012677474275e-02
4.448815439384452841e-02
3.248552693844494743e-02
9.032295919520004490e-02
4.048291471302855465e-02
5.926837055844521446e-02
2.104676797678452227e-02
2.658253114571878031e-02
3.736624231189466377e-02
5.552485148857956576e-02
3.091842170077314933e-02
2.152256725337596543e-02
4.228970490051947584e-02
6.400101023319429427e-02
2.963803299586727225e-02
4.846541039345814844e-02
6.753352536992909827e-02
1.724659781104252027e-02
5.668980009413891741e-02
1.687201589853837974e-02
2.511153736106431361e-02
4.181287332949792934e-02
1.629311941421894561e-02
6.311522450037716780e-02
2.740351538042804999e-02
6.597049587558116712e-02
2.160091916199809170e-02
6.824565627838921622e-02
3.135641339971154129e-02
1.244935355665654705e-02
4.247171037680379235e-02
5.306151142179435509e-02
3.243793213230283801e-02
3.839689722190863658e-02
5.012349487553519056e-02
3.729600416680851904e-02
4.947786307692754459e-02
5.399095227144887210e-02
2.197911410492052811e-02
3.111865222976276102e-02
1.143075357938663772e-02
3.231441756090966400e-02
2.347084686448803331e-02
3.691971647574400495e-02
1.376311926237200334e-02
2.997841795538306459e-02
5.144422805909894952e-02
1.493973096530924055e-02
2.130785207399361197e-02
3.828790799934649047e-02
5.038155781383599208e-02
6.854070065904281639e-02
6.644509655178806873e-02
2.170562463945612669e-02
1.705974606195413343e-02
1.847318291175477356e-02
5.662171240139642070e-02
3.426507025292155340e-02
1.815661425649464644e-02
5.604930575031797507e-02
4.409118030929653348e-02
4.407767671244117863e-02
1.943880345256194381e-02
1.575668674919177004e-02
4.726687269476553127e-02
3.414873449543434636e-02
3.339633575965963996e-02
1.140887055044897264e-02
-1.386991283353754267e-03
2.456370037786215210e-02
3.586341988631205208e-02
4.496302680370693750e-02
3.713651508440235505e-02
9.565218803043336326e-02
6.556658361990161388e-02
3.288015016448711525e-02
2.572627464104798589e-02
5.825570102836449826e-02
6.272695809179096305e-02
3.798838918500472422e-02
3.399127819971647924e-02
5.767085335457305950e-03
5.532969895494984497e-02
3.284868863191001132e-02
1.840498602152605342e-02
3.138466997646874312e-03
4.469349171192117665e-02
2.907516402442936188e-02
6.076942647858651902e-02
2.747197752337308951e-02
3.746139494942175852e-02
2.029258271037340938e-02
2.207764595346394312e-02
4.111378556754653052e-02
2.697795385117363054e-02
2.300577999663593748e-02
3.054047230344190955e-02
6.347420422768826342e-02
3.127387013140314059e-02
6.341450052151147154e-02
1.902797030980837856e-02
1.828726642181004863e-02
2.552755697746353358e-02
4.529804694463646086e-02
8.737697251189470438e-02
5.541313241427441721e-02
1.062083937113597956e-02
3.349277391370285295e-02
2.597989634135750708e-02
2.595484131441252659e-02
6.492956152978465734e-02
6.548774629146425497e-02
1.942143311411481665e-02
6.016537437142314981e-02
3.468305987968086507e-02
5.244192858712605487e-02
1.372691727047756563e-02
3.424221327794137182e-02
5.306189750614517808e-02
2.310225151380849995e-02
3.671474645929889702e-02
5.205157208493852578e-02
1.939733725062921244e-02
4.044763668679289548e-02
5.063526452692235225e-02
2.451407686762693133e-02
6.327738059249773950e-02
6.787802884148649851e-02
2.419685184102898790e-02
1.184746186515059710e-02
2.061349254812146203e-02
2.751598731363530045e-02
2.539448230653868974e-02
3.743034953140515764e-02
4.168833888525916298e-02
2.894180487568944957e-03
1.901143249783988909e-02
3.468438989991198818e-02
2.587273504498865603e-02
1.371752261321029440e-02
2.982258386336461564e-02
1.382558574945282406e-02
4.184648299232258950e-02
1.181770416897369447e-02
6.496135875895810152e-02
3.828207707677847016e-03
1.412151619913217492e-02
3.085271961074034786e-02
2.974729556595075153e-02
2.150514624512200879e-02
1.751004130256111901e-02
2.513822557438342986e-02
8.922505746360423484e-02
2.804022671023044186e-02
3.937065172849620043e-02
2.519711910052228887e-02
2.864346381534717961e-02
4.887182116934594978e-02
6.623548314720241470e-02
3.866845418905111298e-02
6.049160168518285391e-02
3.160061901607265356e-02
5.933487245756952078e-02
1.737355934964028570e-02
5.357104773272357290e-02
8.161513219561428167e-02
3.329203814240855319e-02
6.732843291757012461e-02
3.926066510962734901e-02
5.672336897953658696e-02
1.637555416897048394e-02
4.352030170005456722e-02
8.334631919440856074e-02
3.236602457057360244e-02
1.695978150424809483e-02
4.456253528808865744e-02
5.561289262325555538e-02
3.154542659379392516e-02
3.278744816635408010e-02
3.654682225429364134e-02
6.488068261520188451e-02
2.954397439150707738e-02
2.140213672866322914e-02
3.602137513079840120e-02
7.300637790648752123e-02
9.790351777385759152e-03
3.662274448639737251e-02
5.662758079381217946e-02
1.953641283948562291e-02
5.346790570509922513e-02
3.906496127453115697e-02
5.937562762132498478e-02
5.281254263621990019e-02
2.210459960975412474e-02
5.932279488417160906e-02
2.788495727180439338e-02
6.631989310319415243e-02
1.731406967843174272e-02
5.957150897071263052e-02
2.821736529583990238e-02
2.187343905650419515e-02
5.052557937818072387e-02
2.408769539599272397e-02
1.445191435148152764e-02
3.078053134772722882e-02
5.430171887375406792e-02
2.023180501846226498e-02
1.684122320043861254e-02
6.480684498856950637e-02
5.930691127315033950e-02
3.487388416805662500e-02
4.375497217220128410e-02
5.932698221125547872e-02
2.602788692078722432e-02
8.208832446969330232e-02
3.433827453862070556e-02
3.486648550627787640e-02
4.827549348397695839e-02
3.350185115320557239e-02
7.847450084184028063e-02
6.151411531843200414e-02
3.241410132316377424e-02
6.332522112080049559e-02
2.859841804980204835e-02
3.477863198847365445e-02
3.341029771121113712e-02
6.176887429250383504e-02
4.223917537129552591e-02
5.069414975724825800e-02
4.488538173301485912e-02
4.502605306761756770e-02
1.429887739314811973e-02
4.145699682569548017e-02
3.081247367815567739e-02
7.155769264520775441e-02
1.803450593561913701e-02
3.299077680428459669e-02
2.391617588513934162e-02
3.291768364916891620e-02
2.711038059440132320e-02
2.209210660340912152e-02
4.669600171428198859e-02
6.347195321503945609e-02
2.695075765136076967e-02
1.079649170314891660e-01
3.754954223805186814e-02
2.947024383288393556e-02
2.161558200330155124e-02
3.913823381367747406e-02
1.602577878200620726e-02
6.706593429143460627e-02
2.973694999576707507e-02
2.209538512131106053e-02
8.070345956632379858e-02
2.122306699501080515e-02
2.569754383705106365e-02
7.905957437789175313e-02
9.019428692656539237e-02
2.332930084460415471e-02
1.734168543916274341e-02
5.749201055250434400e-02
7.178267841280734640e-02
2.457835740015077569e-02
6.545065923866186762e-03
1.023481282846189049e-02
6.336792495288443017e-02
3.567263437914255930e-02
5.853633933619951935e-02
2.082659808840542359e-02
6.640327030598394686e-02
2.031181564852487312e-02
7.990970188034007826e-02
2.412754053407890203e-02
1.362934706130968995e-02
6.814751641431460172e-02
3.148021123338055893e-02
2.897395679606460522e-02
3.860865840496388590e-02
5.687447011487678505e-02
2.905590209360875767e-02
7.389055435386013282e-02
1.619245199631302173e-02
1.719835219562731998e-02
2.687685649550510675e-02
1.535001870463362575e-02
2.959662282011968348e-02
6.605493961272951298e-02
2.306725131703682430e-02
5.157999337240828930e-02
9.131925197211969436e-02
3.796758501211768000e-02
3.219431276400731151e-02
6.486215860298860658e-02
2.596135083714297756e-02
2.196485494669282723e-02
8.900077019712411552e-02
8.391056557100859403e-03
2.306027265038586987e-02
3.513162672360710392e-02
5.290465561938211686e-02
3.486756171470842269e-02
2.949241633146161556e-02
1.146390984565414523e-02
4.480670534745523348e-02
7.225171123098018955e-02
6.223718352325608577e-02
1.089692490475762526e-02
8.945760554320392188e-02
1.775774708525883205e-02
8.199702144251458380e-02
4.514134567619433602e-02
2.662257593380770379e-02
3.441052496717224990e-02
2.592605049102493855e-02
1.215688658920732398e-02
9.217118872023771781e-02
3.749020767728217934e-02
4.955220242271500541e-02
2.703658716914883811e-02
4.192608446601716471e-02
3.727756651087135720e-02
2.842299983743553846e-02
3.434863782714708130e-02
1.955072384555732457e-02
5.716235604168087847e-02
5.897548156511691481e-02
3.549058909603142881e-02
6.434336072376869997e-02
2.429684390741219946e-02
2.757514626220513437e-02
7.710380797251628615e-02
5.957735498162480131e-02
3.117845781162219276e-02
4.206788892390266738e-02
1.575380377228070838e-02
1.722884634746279370e-02
4.871226155973413380e-02
3.583622361792439953e-02
2.450810176033740156e-02
2.215165057212323957e-02
3.507378433928362571e-02
1.789596623068487324e-02
4.328560717374818623e-02
2.878538628618548117e-02
5.213222048817658938e-02
4.384941758539460249e-02
1.736236471949344218e-02
3.236912734584149881e-02
5.559580096254324033e-02
3.347875554216896837e-02
1.625568815299321956e-03
2.848307277801825216e-02
7.854493231309208484e-03
3.804991800576611183e-02
-8.355918834932751782e-04
3.755424185836940543e-02
4.974869558151204935e-02
4.663067563629871154e-02
3.145084457125008059e-02
2.388830981703747580e-02
5.473084926505682873e-02
3.084090311613243984e-02
3.997735638790193141e-02
2.711488482020019825e-02
5.195457427289108809e-02
3.516188369667931635e-02
3.981033306089561824e-02
1.930612230418066178e-02
3.729991744256377917e-02
9.392515829585029730e-03
8.442754851362214985e-02
6.126818655433915323e-02
4.649758143297007956e-02
2.742278047014321332e-02
5.169360082255482908e-02
3.449427346907038561e-02
2.388365952343547358e-02
3.029888946450398982e-02
3.807174056196655637e-02
3.992174807207241050e-02
6.834013962014393040e-02
6.831923704493379768e-02
5.718474908696868919e-02
4.483501982498798444e-02
3.847535363181630447e-02
2.371707940550806665e-02
3.693711193324571151e-02
6.620771784509373037e-02
1.618234964925013841e-02
5.480713725326020330e-02
3.288197949684406457e-02
2.512882122882791058e-02
2.194441615942691048e-02
2.372899495143805312e-02
3.883867295651063228e-02
4.049122741188167229e-02
3.424725869573937154e-02
1.018490492882100085e-02
3.408309329641791285e-02
6.766467083244344372e-02
7.858751213831569049e-02
2.154229469880193648e-02
6.478929819863220307e-02
2.190502792086831962e-02
6.369922985989798225e-02
4.749602522676373700e-02
4.843079572080229850e-02
5.914547053141757521e-02
2.351975302545060431e-02
2.870983614714078813e-02
3.691646454724720888e-02
5.260073412297663897e-02
3.264250001774527538e-02
4.389146616189727734e-02
3.137757203978995546e-02
5.083083014558303220e-02
4.199192395924432331e-02
2.464983082897708941e-02
5.307379869489860236e-02
2.821214827101361372e-02
9.118601845723563193e-02
6.440357466539607667e-02
7.717341062017982201e-02
6.268640383887967571e-02
2.920975073567217556e-02
1.792808562102392311e-02
1.042375124919771648e-02
1.389881616800648506e-02
3.302382566687670634e-02
3.614774531026186677e-02
3.237496506371241589e-02
4.529453886075662100e-02
2.889382172469781920e-02
6.566262408066934897e-02
2.067888788692873181e-02
5.228921278847441928e-02
6.192653019665297909e-02
2.959843616944082476e-02
7.229781736206589149e-02
7.155907806207439936e-02
3.368360409939545608e-02
4.011169152296618912e-02
3.247486878012030564e-02
3.819856049844008727e-02
2.569097108902196336e-02
4.235028606740007251e-02
3.432268589598238412e-02
3.340717231512507768e-02
2.948408181403074785e-02
2.021048609571964028e-02
3.283792422459125282e-02
7.118768116950997815e-02
3.951644615522823673e-02
2.315408509836796441e-02
5.939752773908078820e-02
4.622239507366868866e-02
3.106217251992408543e-02
4.393652681796060555e-02
3.638910861581917677e-02
2.721977794376085474e-02
1.726563235546150349e-02
3.514775978606205636e-02
5.526826392061286175e-02
2.996279492150489415e-02
2.798959519672640159e-02
1.099650147625320235e-02
5.137551449296150208e-02
6.065571007617099469e-02
3.557366416490146538e-02
3.114027567695510160e-02
2.764605875185636649e-02
3.206289525553494835e-02
4.702853930605603583e-02
5.968379186334776820e-02
2.578107270608624713e-02
9.654208902723462882e-03
1.507438107949504030e-02
6.050232904440471654e-02
6.553419512787167500e-02
2.344085670602484919e-02
3.245820467971258921e-02
5.386175124584999252e-02
5.899504224974785882e-02
7.194988966534469899e-02
2.040017380735709152e-02
2.505038086576709400e-02
6.326685912812303469e-02
1.925548426743658309e-02
2.700275958282470634e-02
4.325901913193221787e-02
2.027908494987396351e-02
3.466413215964876671e-02
2.501022363906578103e-02
-7.899722409557552449e-04
3.221427270362618722e-02
7.574923946146334963e-02
8.577046198194737681e-02
2.504978751934274633e-02
7.023625841578869100e-02
6.482058564485244923e-02
6.063802886724768346e-03
4.663301805740926315e-02
3.077144338062944712e-02
2.274989897438102482e-02
2.295826051648754834e-02
2.329624498377869113e-02
2.954831016689307699e-02
8.301192020245606873e-02
3.313064740803553510e-02
2.318760973371193634e-02
2.014749173101990781e-02
2.634687835235624900e-02
2.753603312862606609e-02
5.041680309171758800e-02
2.940615283005729164e-02
4.783155372921679693e-02
4.422225429664418395e-02
2.250763367418922439e-02
2.689344273211400141e-02
3.442225341800064786e-02
2.535820140696820602e-02
8.241742884532124447e-02
4.503263565257913104e-02
4.055248714828516010e-02
4.870239530192017191e-02
3.946854654724531869e-02
2.524711899343388966e-02
4.704970856488397551e-02
2.042938242202371399e-02
3.066615304419148536e-02
8.788576160336468435e-02
5.110851547437526843e-02
4.059994404245126365e-02
3.767308832609696928e-02
3.165888426223084640e-02
3.322512755716026944e-02
2.358897223062807885e-02
2.680924620639310585e-02
3.746787064046573634e-02
3.013951824812651295e-02
3.172939792638313633e-02
6.494477012645202829e-02
6.860191284039247883e-02
2.874529888349954682e-02
8.531404371400224187e-03
6.657177947867494450e-02
2.595935076768700334e-02
2.616254463893769033e-02
2.278732411510466307e-02
2.194055347794808541e-02
3.906236627388769145e-02
7.504551009453942767e-03
2.383342581914199218e-02
5.679861569334763993e-02
3.800003924129696786e-02
3.505223500920554014e-02
4.591994783311401790e-02
3.078978995978208510e-02
3.005796048974679335e-02
5.442033450875189554e-02
3.494551522246949760e-02
2.009592780940246820e-02
2.814186755697626469e-02
7.335508384006042548e-02
2.021154385218910596e-02
4.114128208692119371e-02
2.740124282707458170e-02
7.444429744057330656e-02
3.013828497566097692e-02
7.383234705529807818e-02
6.038265467165463557e-02
3.288126203384646173e-02
1.736877036800543034e-02
2.185989909516575236e-02
3.895552202054198415e-02
1.969219464020731045e-02
3.556939042616902302e-02
6.876833941011167850e-02
3.088546904557002565e-02
2.740397572360664044e-02
2.228941101278694020e-02
6.658049341742672267e-02
3.292761199597160626e-02
2.007298272930724270e-02
7.840828035912127125e-02
1.180877980628069340e-02
3.730328763575120610e-02
2.488527814218201295e-02
3.275305201690308088e-02
7.598691856738623573e-02
5.068132498332923730e-02
4.465794844360670285e-02
5.551080623172118672e-02
6.335653963439902281e-02
6.981604634839921886e-02
3.583564724366259530e-02
4.423240508334860821e-02
2.937678652433533405e-02
5.122368308370960771e-02
3.366333225442245947e-02
6.971965439405927722e-02
3.074042477666449197e-02
2.724172562064747227e-02
7.695999060769118105e-02
7.213859323913542065e-02
5.669413176857852205e-02
6.608835909880095283e-02
4.742920251836220402e-02
2.511774720045906531e-02
1.950600078813795671e-02
3.400852558100764950e-02
3.744717236848319614e-02
7.920009173067897590e-02
2.338161422944194656e-02
4.267849223122287261e-02
7.772285359431146956e-02
2.419895467301336200e-02
3.182007879258579031e-02
2.696954630946028081e-02
4.459168576711002030e-02
1.796438468912149242e-02
6.226296691381828785e-02
3.500244874113662280e-02
1.571373150332804405e-02
4.385228861864695626e-02
6.430724407189382374e-02
4.601905046464238591e-03
1.758071374467184977e-02
2.620641568725984305e-02
5.556987735582892551e-03
2.826834505613911447e-02
4.501430251475375260e-02
3.339112515074668663e-02
1.472914766852250618e-02
3.563356587996261565e-02
3.380772388591873900e-02
4.973893782596938706e-02
2.111599613447651125e-02
3.210097182851269493e-02
3.566702778934614099e-02
1.565788493797929878e-02
2.877854412948774310e-02
2.821421083490394111e-02
7.772157404672178083e-02
5.648944200067714666e-02
3.756397335444799923e-02
4.818238182898865185e-02
-8.469449287431743759e-03
1.507429425613667634e-02
3.219829237309414227e-02
1.471943799588609422e-02
2.513327938548677587e-02
2.271852587752041727e-02
2.358176355962096973e-02
1.904909203299302856e-02
1.617422469456133646e-02
2.190318649711833765e-02
3.361663016235698354e-02
3.037885519393660610e-02
5.186472497932303333e-02
3.041005156978630192e-02
1.759088014283774482e-02
3.033676073949696794e-02
4.602241345614803414e-02
1.243831770087594490e-02
5.474272615643771545e-02
2.861872876579532599e-02
7.055880938874474484e-02
3.798159080002944804e-02
4.390294531174290804e-02
1.896929890533749496e-02
2.557229844359253795e-02
5.118499354240016452e-02
1.406855025512588134e-02
3.021108937563611596e-02
3.042337224101165916e-02
3.637217995080771482e-02
6.404879069859086005e-02
2.072470255314581844e-02
3.251264841385410886e-02
2.348205376417468807e-02
3.851450362575382924e-02
6.743893140386578167e-02
2.745411952155386165e-02
2.903954030021325267e-02
1.905495425654833361e-02
2.753425464042076262e-02
3.176108867185629264e-02
2.984545186850158516e-02
1.954190109021843036e-02
2.502273204255855282e-02
2.691317661824387322e-02
9.664026804980449525e-03
6.406405161742788866e-03
2.828411453266105324e-02
6.022901266951711380e-02
6.073006346261820843e-02
2.918656689723785058e-02
2.143965184721504172e-02
3.609346717872778665e-02
3.732705344515981072e-02
2.586358195558637052e-02
2.514396555102904954e-02
2.049337835254684548e-02
1.582824772584518966e-02
2.381962937996986648e-02
2.534106847448142422e-02
2.459590825668049596e-02
2.989579564386402391e-02
3.077743474784975022e-02
2.461630642272610858e-02
5.883384966955908235e-02
4.420865026753142968e-02
2.690565522063488590e-02
2.472812827961734516e-02
4.676837785897899197e-02
4.102534139627735110e-02
2.067066272518553599e-02
4.904618429351791098e-02
1.333458064426341558e-02
1.478620024461212157e-02
2.045439232556714101e-02
1.974368333185216526e-02
2.042677640125866931e-02
4.725155090800025465e-02
5.114169313573960207e-02
3.501974054417560794e-02
5.217437242485897103e-02
4.114079415018151442e-02
5.293354531937972951e-03
1.183566228928741373e-02
5.320882367143262709e-02
2.382901755288092949e-02
7.177716408769395373e-02
4.124654574786342648e-02
2.581001826641563662e-02
5.096947426450199048e-02
1.395644689274931974e-02
2.673167958412102363e-02
4.608174207680616058e-02
1.670506534731411308e-02
2.621258531173230669e-02
5.804335916374451371e-02
6.872005680440164410e-02
2.380861414225469985e-02
2.930479823118747884e-02
3.944551273221509613e-02
4.049024406457924635e-02
7.525698099159613963e-02
2.510263813311691683e-02
4.696260377620836701e-02
8.002702705544617601e-02
4.510331344539252052e-02
4.283629626038350235e-02
1.984426050390305368e-02
5.020923227665336636e-02
8.973003266002325951e-02
7.131207930987801258e-02
4.381300969105261789e-02
2.866843233599586024e-02
3.422024566687072167e-02
1.344315800360769246e-02
3.475525148422285021e-02
3.719702774801699613e-02
7.126352861964571628e-02
5.412994321671805997e-02
6.872274071841480425e-02
1.422997602530947682e-02
6.420932522799996378e-02
3.061917213691787987e-02
7.381433653406224704e-02
3.687019920429077807e-02
5.449365726318664005e-02
3.173705269261162254e-02
9.958350298991003324e-03
2.662902159975358632e-02
2.812627485096944047e-02
3.073216691221177660e-02
5.617498944385743154e-02
4.342977377821183316e-02
3.472481975019663103e-02
1.980881845632793958e-02
4.516488384135439182e-02
2.038656739451399913e-02
3.422391449672640418e-02
3.762646509334042350e-02
8.709861877053660939e-02
5.493117676342201827e-02
2.578711539224172455e-02
1.848267833494635082e-02
4.620871769014409103e-02
2.338238578260722761e-02
2.955361532118188847e-02
1.429711383043077294e-02
2.283286379097627244e-02
1.127396898922761181e-02
1.484798586550117871e-02
5.043633310665050079e-02
3.166965982424998355e-02
7.257177010727103306e-02
5.974202873594179272e-03
2.650435368455297119e-02
3.908455674892962611e-02
2.803496691638383831e-02
2.249283742475994066e-02
7.538932105587173305e-02
2.324084206434921113e-02
3.457082168811674572e-02
2.191893587059953741e-02
6.923862675557404533e-03
4.800763424531140355e-02
5.512671206456039308e-02
3.061834826229248990e-02
5.420357137609633363e-02
5.873553128201172702e-02
5.707355906789907118e-02
3.661170732494386376e-02
5.300177902975330285e-02
6.398126526410378989e-02
4.047171503314284102e-02
2.417499508223769356e-02
4.249315185679582163e-02
1.279002790097300869e-02
4.260087220119910395e-02
1.527689629056325216e-02
3.186802388174408279e-02
1.008273133321822140e-02
2.186212584870943221e-02
5.886965872409517797e-02
5.639735065548771853e-02
3.531338005037784611e-02
3.358951216646835491e-02
3.935215901954657036e-02
3.576083244412939233e-02
1.508941788320636301e-02
4.511173705720385174e-02
2.119318013280319796e-02
6.306058652570688261e-02
1.082102753260456678e-02
8.767289371540074039e-02
8.077403191019426332e-02
9.712715349133502207e-02
4.374213418013223054e-02
4.486979555582651380e-02
2.901926114120395236e-02
7.544798709495696698e-03
2.504565719657649708e-02
3.464789085112598283e-02
1.906045307691170421e-02
3.218769197577076024e-02
4.790414572812048272e-02
4.599105100274307467e-02
3.489025698840096668e-02
6.698634283862106575e-02
2.084721140323050198e-02
3.358102411039783075e-02
1.873714975805044342e-02
4.560000871238293479e-02
2.950841764934913902e-02
2.153328477553706488e-02
3.787451634887539775e-02
3.304357759817354301e-02
2.410939309491310495e-02
2.981954634275130189e-02
4.066433681347815521e-02
3.217168390866290140e-02
3.222374291581318884e-02
2.873940847327593334e-02
5.994664184148454367e-02
1.781930968759948275e-02
2.479868379260256883e-02
3.287578773109843533e-02
2.551549609656515033e-02
3.367110219277924532e-02
2.883479517075036858e-02
1.279175568322746606e-02
5.793764652897610140e-02
3.259736404920215991e-02
5.218210047406594831e-02
4.093803443411064141e-02
3.230069717257929435e-02
2.405206382017016295e-02
3.136736062492539306e-02
2.179480926879031125e-02
6.734603491527486885e-02
3.485105475170052758e-02
4.498799825859971235e-02
