1.263042289388140215e-03
2.979669216154269724e-03
1.144155025921724834e-03
1.474980317483900148e-03
1.681761614119904602e-03
1.017755821391811734e-03
1.385422822020465237e-03
1.396539178293805528e-03
1.100887144702559009e-03
2.607085133798348140e-03
7.971541606468209376e-04
2.981171225655344145e-03
8.235785188028194384e-04
9.273078869564185117e-05
7.730579073491889016e-04
1.095423290793039271e-03
3.118607244594900560e-03
2.544083175399485669e-03
1.928019380376610960e-04
1.620481222456988599e-03
2.335954833891766731e-03
3.598426520846821023e-03
7.519640391463746579e-04
3.002488924296433867e-03
7.688406448220480973e-04
6.424696716403775418e-04
1.174082381013864893e-03
1.002819394415789154e-03
7.331989521681540108e-04
1.983530085950257170e-03
1.039378576506799420e-03
2.613614872066133497e-03
2.985997372371815457e-03
2.891323027238920651e-03
1.843065563257189655e-03
1.445488120408407184e-03
6.775500886003846951e-04
1.253318759549943351e-03
1.402701277481023957e-03
2.310262367413504561e-03
7.462948541644091188e-04
2.955583552586163367e-03
2.751894613003571903e-03
2.433260803019971288e-04
3.879119610053778644e-03
1.066175987360195926e-03
1.176487599087881883e-03
3.011110457832528835e-03
1.246075622526959803e-03
1.507477025676919481e-03
1.079753087264944539e-03
2.311347543862724875e-03
1.181997285306587335e-03
1.166706248756728317e-03
9.028284638983780953e-04
9.637769297436636325e-04
1.758509442098311632e-03
4.046649067790038592e-03
1.649023632691298986e-03
9.762356462162176830e-04
1.087275360141922538e-03
3.776722276276600274e-03
2.564739926947085403e-03
1.337103709905190698e-03
3.897301925041176621e-03
1.387981645001767862e-03
3.641680016123517456e-03
1.141373727407103949e-03
1.735422923056461914e-03
2.810046491795620792e-03
-1.098821772605633809e-06
3.975250584601629526e-04
1.015215502621892758e-03
2.779531756919158443e-03
3.003099941191749930e-03
2.547726242589939613e-03
1.239641387403858435e-03
9.938333708620977151e-04
1.454411088699037336e-03
1.241386425670016735e-03
1.641650395846854784e-03
9.885735553496462300e-04
1.332526512362120288e-03
1.877949746577611649e-03
2.829398704022952678e-03
8.797270793793847540e-04
2.811840704746303328e-03
1.035682902315218645e-03
3.073110024816786204e-03
9.600259111774240781e-04
1.975633895199349621e-03
1.552578372336459395e-03
2.610993080363168198e-03
-1.812607614672659059e-04
9.697043672821393243e-04
1.581805852913093381e-03
3.412801193180917472e-03
2.534794596649353991e-03
6.973855926443398717e-04
5.230627587450896801e-04
3.069542114796675394e-03
3.066442155583906821e-03
3.554346407828869528e-03
1.182554736090051265e-03
1.753724790671270335e-03
9.537888741893317188e-04
9.209206596544684039e-04
2.665106801611403543e-03
1.329174492007763764e-03
2.601003342707651489e-03
3.360305394595298339e-03
1.352517451183960114e-03
1.388669402631787213e-03
1.547935388247093178e-03
3.170241201497358587e-03
1.739318007901776353e-03
1.454381376327287725e-03
2.815889742164674140e-03
2.762819794953911418e-03
3.850745185607088654e-04
1.133635264340043369e-03
5.248675867211428491e-04
9.977748113932534673e-04
2.892405760544751545e-03
1.332330148815685962e-03
9.392149505601686196e-04
2.509824201977380910e-03
1.302620033542053459e-03
2.502140637140240660e-03
1.210065414041378408e-03
3.222976191511344336e-03
3.248868830887820594e-03
9.372795479572841029e-04
6.523192527715698970e-04
1.290819106656277684e-03
2.822310598172016009e-03
2.319494118296125135e-03
1.139455477280638777e-03
1.176165613362087532e-03
5.784830728768994724e-04
3.403485655211488728e-03
1.224742652873553198e-03
1.478699647597316686e-03
1.805252314195308471e-03
3.417838440697265438e-03
6.935834649597744615e-04
8.062173938205969247e-04
2.236437348113194494e-03
1.067028291453683050e-03
2.464525714175839956e-03
4.881413708099395445e-04
3.192395071436988918e-03
2.455558022134130512e-03
1.785096210399340433e-03
9.127324159482921688e-04
1.133505088648147129e-03
3.391242943996902390e-03
8.913336903758759455e-04
1.068462045435654645e-03
1.258546148133572826e-03
1.022614839690233392e-03
7.405053869264108593e-04
1.309723863210148810e-03
-4.310797880059824170e-04
7.624060639793588980e-04
8.789250050634236575e-04
-2.544751387079417174e-05
6.457362342544750288e-04
2.887989291075150188e-03
1.582606961945163572e-03
1.773652073118226445e-03
3.876678466879829223e-04
8.441194051928348511e-04
7.604541701402222579e-04
3.662965173447044285e-03
2.916539872406392897e-04
1.391340856927546958e-03
3.523554688014436144e-03
4.700911699135029275e-04
1.300392702617104729e-03
8.869416049471736578e-04
5.712877202348122952e-04
1.107131564147738854e-03
2.342714168807336246e-03
7.977296679874605438e-04
2.651437617371551862e-03
1.324085422578578702e-03
1.340709811318375371e-03
1.353391434351811258e-03
3.069785542476400828e-03
3.056568141650773535e-03
1.674405845604686653e-03
1.240993944735210765e-03
1.231578955286852977e-03
1.372985124094125778e-03
1.495297438379047071e-03
7.989271245636307348e-04
2.896492002475538514e-03
1.503916800741295209e-03
2.891521909939267360e-03
1.150773051212740979e-03
2.463686772252614374e-03
1.410710293476670615e-03
1.033630715240671603e-03
3.584479542448041137e-03
1.165038577720576424e-03
1.206758326776249772e-03
1.387991599801614937e-03
3.775492296077092181e-03
1.381632576637373960e-03
1.397317095615357128e-03
2.971505351429214008e-03
2.771262989260767952e-03
1.914935237369387155e-03
1.340528342674772357e-03
3.886026324367684946e-03
2.324922915870912738e-04
1.320914282719311793e-03
3.569407667281813273e-03
2.214973050437421022e-03
2.666899827552393284e-03
1.634021229453477310e-03
1.587995544047817245e-03
1.789361381508833477e-04
1.263459963210891018e-03
4.927080884327393346e-04
1.301069628307591469e-03
2.948123667838889635e-03
9.816409586054868595e-04
9.510704679430706174e-04
1.073100461200693963e-03
1.717359430460516307e-03
1.264104488047870182e-03
3.396745186503766483e-05
9.980868080357451107e-04
1.469364959743525885e-04
2.330375010046212107e-03
7.270542336274158973e-04
1.466524895567418918e-03
2.624711130225639791e-03
1.426031149222509913e-03
2.743672109487721791e-03
1.580277684923578514e-03
1.343151907653991357e-03
7.008955153459640267e-04
1.714462332084116429e-03
2.661408846491847627e-03
1.497634414181720896e-03
1.257076384579158433e-03
1.073714873731478146e-03
1.459172412196595549e-03
2.984078827239731177e-04
1.201885542542737925e-03
7.636735310704173291e-04
1.685544356160377857e-03
3.488907864243670845e-03
4.945378097136075499e-04
1.709899098280238082e-03
2.149133299982100478e-03
2.201545698475942080e-04
1.070205346377589009e-03
2.555947490954073656e-03
8.117682967072534228e-04
8.515385190360942602e-04
5.458265120026292196e-04
3.098893569554487040e-03
7.884144689454123181e-04
2.873074406681302550e-03
1.043550262311673110e-03
2.861575436399780778e-03
3.217334643646058406e-03
1.043526274038226488e-03
1.521346016713368780e-03
2.811500136366599199e-03
3.646051605975216599e-04
3.253573694173088858e-04
3.026405627211898545e-03
1.377569784991818438e-03
1.441641401961225822e-03
8.083988498903105745e-04
5.302158251563968833e-04
1.001675311583400622e-03
5.737026542196070264e-04
2.321823558914706820e-03
5.607325726837191155e-04
2.391312270708571483e-03
1.316513372871212914e-03
2.199902131091782502e-03
1.000635657961765086e-03
7.258733220593274835e-04
1.439387378658887971e-03
8.602048735315073746e-04
8.158700461304022392e-04
1.428145192356709142e-03
2.859161897865374318e-03
1.362003950277503907e-03
3.563698288499506529e-03
1.069218893069605715e-03
9.564549241375479814e-04
1.038543682147604090e-03
1.149786186119141664e-03
3.036282404659660338e-03
1.118482179567287758e-03
6.057133238336828707e-04
2.293925777053633722e-03
1.049898251158279134e-03
3.879486393111745979e-03
2.946846285356200836e-03
1.431281632261069414e-03
7.465310623060542354e-04
2.010200620278771886e-04
1.109792544456478236e-03
1.737769149631144617e-03
2.449192980197436448e-03
1.755333107629734315e-03
2.546918389548851087e-03
1.500765720696714805e-03
8.865742135478523606e-04
5.590990978480061407e-04
2.254972256300284868e-03
7.679192778395962102e-04
2.935822615505972837e-03
1.828707853640765225e-03
2.527593854504929342e-03
3.505050789703337017e-03
1.603189697791410247e-03
2.530802201972452183e-03
9.351391011342591493e-04
2.938350391321736463e-03
2.162144438732849054e-03
1.792851293595856539e-04
8.478070805576351163e-04
7.260609594691683384e-04
1.192326615445437731e-03
3.092539828295899369e-03
2.535699453686527782e-03
1.738224901709819678e-03
9.431290314702916663e-04
2.187317721963249421e-03
1.067472046508938059e-03
8.238131693191728944e-04
1.327488172308309263e-03
8.117246458780973117e-04
2.405611581865597145e-03
2.463682608011417714e-03
8.412985026202367527e-04
2.510175023892996429e-03
1.606982058859588499e-03
3.897501551331610838e-03
7.453551283398717787e-04
2.685986576130934209e-03
3.246018122179377980e-03
6.583777689890819677e-04
1.012000281725176486e-03
3.249461707953685621e-03
2.585423768844338777e-03
2.536597584186957299e-03
2.019132064208099646e-03
1.839102701995774889e-03
8.151896744296690308e-04
1.503715158287614873e-03
7.369325052154071997e-04
1.285403305275689993e-03
1.696388916316592110e-03
4.011693588621291886e-04
5.725453390826918711e-04
3.598298585998742360e-03
1.246518632007117492e-03
2.607011334669742664e-03
1.434507328240551723e-03
1.743084308200676131e-03
1.283584119456686670e-03
1.770950606027575430e-03
2.822204750774465632e-03
2.226692033963792450e-03
7.785233350478389059e-04
3.294891952596810340e-03
9.953022802001725185e-04
9.075925426603841106e-04
1.656916066500571574e-03
7.450764349110792703e-04
9.150542547562265285e-04
3.041890435411832242e-03
1.100802842362174055e-03
9.740945114675787948e-04
2.544736420652630483e-03
3.635865493448939105e-03
1.930103159462537212e-03
1.114868758248394173e-03
2.348346147927290496e-03
1.769773553128824520e-03
3.004838753401141947e-03
6.952817007231154502e-04
2.960395432615614553e-03
8.603946552916733569e-04
5.289851548649531551e-04
2.066240773339295816e-03
2.623391224536703557e-03
2.569814237132151714e-03
9.560050463029611456e-04
2.807642787624223604e-03
3.986120219261180507e-04
2.921767983932956839e-03
2.597849836387200115e-03
2.267999825483138152e-03
2.576293863158559284e-03
1.182502311724597296e-03
2.205035581735880976e-03
1.484432610239289378e-03
2.839605241264862509e-03
1.935710101182237493e-03
1.452845829215062851e-03
1.382110779687763767e-03
3.503737800174338939e-03
7.194225390214435256e-04
2.777663773865903310e-03
1.049792867478830435e-03
1.411528598992105484e-03
1.182094906714331291e-03
9.283880229667479042e-04
2.124173533063026045e-03
1.548661789591162640e-03
6.614923581439321153e-04
2.071934689758534245e-03
1.614193716344155313e-03
1.495219368590233093e-03
1.224230030639230932e-03
2.644040086817521767e-03
9.830118885176075769e-04
8.698135986754688877e-04
1.247485545952586525e-04
1.674357310268950738e-03
3.097440179975602479e-03
9.049875219286639171e-04
2.187233586680230237e-03
3.513553060742742422e-03
1.113568519574008493e-03
6.286275938930552688e-04
1.156053396119465773e-03
1.249296301698602299e-03
1.463043566740856527e-04
2.543967610521983939e-03
1.571756998574424429e-03
1.170734544412738295e-03
1.278317003130804595e-03
2.958588762922610563e-04
2.284130641268530566e-03
1.913888161546802719e-03
2.554009190847742437e-03
3.046767935264170068e-03
1.387635875042228257e-03
1.372289037390731414e-03
1.018722369647744172e-03
1.119747119316839542e-03
3.212024343418922595e-03
1.635045668860736229e-03
1.101299786373631604e-03
2.842615733465913598e-03
1.580244620205810500e-03
1.696885253477379684e-03
1.126480558041808308e-03
1.249020218745799677e-03
2.616552353594284782e-03
1.276120527212137173e-03
2.442739066252077804e-03
6.573577707392030522e-04
6.877161433507554197e-04
8.054031841749338758e-04
1.243481862764585959e-03
3.063684321898572580e-04
1.702552287318917544e-03
9.005529801163382345e-04
2.687339954111155928e-03
1.105314709699909553e-03
2.818410985997190938e-03
7.357536302385417077e-04
1.560367882973420078e-03
3.943417871009331885e-04
9.355179150753467360e-04
2.035028533843922550e-03
2.872077048868412145e-03
8.769185552320703583e-04
1.002226235405297410e-03
1.139255082368829681e-03
1.215272552126253885e-03
2.101886142406181324e-03
5.133381450565109756e-04
7.455229336198836414e-04
1.211651916675166984e-03
2.806677387034858633e-03
2.736282135817898632e-03
2.907932307903354080e-03
6.226045209368257036e-04
1.090609638660924906e-03
9.696520615906029442e-04
3.248595341680171958e-03
3.173982903133717656e-03
2.907666476019438000e-03
1.817129322918861799e-03
1.133002983504586940e-04
1.090825219258113746e-03
2.791900142157255089e-03
1.556059676895760625e-03
2.584869610395871924e-03
1.918945955378162241e-03
1.429174179364530676e-03
3.506156952397164461e-03
2.103193214964692043e-03
8.527344131727167004e-04
2.272851375912722169e-03
1.433286417811407846e-03
1.640983911203140657e-03
1.499155613017394287e-03
1.031554771871615516e-03
2.594722193826891864e-03
3.457746900795373446e-03
2.154335177808101528e-04
1.179608085690723139e-03
1.382218689618836807e-03
1.184803360146687978e-03
3.363352856510737343e-03
3.134106194393200973e-03
5.650341071439721457e-04
9.425512853245502504e-04
1.687915124351776824e-03
1.017816317273062803e-03
2.636232225462917939e-03
2.767659428888747004e-03
3.190483113342264428e-03
1.405868408121100505e-03
1.236620937321433918e-03
1.141070962015418820e-03
1.325600913037955266e-03
1.127342540782675295e-03
2.430165814346150598e-05
2.620424629226656560e-03
9.884659354071545154e-04
9.153318797074782177e-04
1.345983649322339852e-03
1.908783356963859781e-03
7.895320463498067126e-04
3.386506033050297373e-03
1.284544203021281087e-03
1.193880330506120113e-03
2.715133828131778646e-03
4.114994090808842507e-04
6.452946782195755852e-04
8.933352620877420096e-04
1.635722343433130286e-03
4.067805303370934135e-03
1.476534745011245453e-03
7.844286253041237930e-04
8.392064803658760928e-04
1.456551900388240468e-03
6.265003141703059768e-04
1.562892662576014641e-03
1.213928064494785566e-03
1.452780189170138191e-03
8.548734538282912708e-04
3.088500122787741012e-03
3.329504018643976611e-03
1.391105134810192209e-03
2.484697085502215238e-03
1.318101489530344120e-03
3.855935284419501844e-03
2.961289637589001756e-03
1.286311313605177468e-03
1.163810821314663563e-03
2.337250363749997055e-03
8.502782990148943267e-04
1.262608795256916442e-03
7.732298592027433016e-04
1.181807006848182174e-03
3.264204050562537814e-03
1.276174789427505282e-03
1.409658406804961510e-03
1.266297582588658951e-03
1.100445755809060329e-03
7.886002990994255436e-04
2.362298513001008515e-03
3.063151208465464577e-03
7.110568264684456047e-04
2.807911419688135981e-03
1.425367829793832905e-03
3.452522829918158471e-04
1.271029752479986650e-03
3.145724534798976287e-03
9.506346052785713020e-04
1.317711026958565644e-03
1.112984522840484471e-03
1.433591966207920648e-03
2.385772874347190983e-03
1.364298794080452768e-03
1.186598258197520735e-03
2.458750732319893526e-03
1.073473074623539905e-03
1.522160126555742714e-03
1.336210686256424519e-03
3.492492249222256366e-03
2.788793763743227863e-03
1.169633209463836901e-03
2.449053701668453022e-03
2.407746346753531809e-03
2.974127709872536642e-03
1.546891420309346029e-03
3.611111297529354634e-03
1.406052239988074635e-03
1.170492063250768528e-03
1.157249715328143242e-03
1.116019851469688589e-03
2.477715903553094883e-03
6.277928939300153610e-04
1.795519953463161266e-03
8.703945175346368109e-04
1.018610865200781767e-03
2.576496077207775931e-03
3.216266807486043051e-03
2.143128065629218860e-03
2.667295668185511344e-03
1.227058589368882962e-03
1.131858531186688294e-03
1.257415741919313754e-03
1.545536031400752139e-03
1.205204405647108869e-03
6.967256644129140447e-04
1.430602975655583236e-03
3.211738529368752398e-03
7.705932668407306906e-04
2.111746154324835312e-03
7.532647267356421678e-04
9.263095998505183754e-04
1.432346215299530948e-03
1.088063125468516877e-03
8.745477906702597750e-04
3.004341190820219217e-03
5.453371287049064466e-04
1.831658929209857394e-03
1.260566672433044867e-04
1.485090679267408488e-03
1.174217791974801030e-03
1.137835320011599486e-03
3.264690707505749946e-03
2.323153780055502507e-03
6.373285600139574555e-04
3.121305244163792916e-03
2.434223139705158148e-03
3.127568366444281444e-03
2.928208700864841710e-03
1.403052845158625495e-03
9.803549735766081252e-04
1.381844815570778574e-03
1.235040937928493952e-03
1.171722724773459606e-03
1.476436038155564453e-03
6.382836570908694690e-04
2.301057150638379390e-03
4.808652711066020366e-04
2.234789790438475136e-03
1.199115769055903759e-03
3.506310191320937721e-03
2.913784152079068948e-03
7.169750425747572087e-04
1.715028263387397348e-03
5.065862245474836391e-04
2.939542078763133018e-03
3.258812121164789827e-03
1.356037801750818120e-03
-9.893208350120934538e-05
7.171035351400635235e-04
1.342264903652616408e-03
1.397876040849619413e-03
6.259610538643118477e-04
1.547195293934968937e-03
2.506784546400574708e-03
2.138175392422262192e-03
1.686889298964898854e-03
3.014481027067024248e-03
2.565026856870379970e-03
9.569971637970758503e-04
1.204525101572534798e-03
1.339668603809319623e-03
5.944025201457250537e-04
2.698447626589823081e-03
1.120332814722968702e-03
2.992052244739413884e-03
4.737241848024909300e-04
9.891351136653728313e-04
1.305548580614407372e-03
3.482267875502363576e-03
1.729720836632214374e-03
1.074012704478956781e-03
4.439024059185388326e-04
9.340985933287554444e-04
1.009729259150195235e-03
9.677047552849558920e-04
1.550203444885048286e-03
1.232463622066383695e-03
3.735465649896447735e-03
3.026245813380349942e-03
1.298040096191396299e-03
2.456571775150608039e-03
1.204488102757314463e-03
6.678897650107417814e-04
1.614352859497191189e-03
1.254824234833684920e-03
8.002623999038156180e-04
1.212637405801178601e-03
2.575262084062549493e-03
2.749296276104956638e-03
9.499517162589215169e-04
3.190081395142896695e-03
6.925629112520368010e-04
6.340036117592255877e-04
1.003405522606945965e-03
1.224717931696348277e-03
1.383489420139548919e-03
1.676308181852673596e-03
2.061483798187826403e-03
3.744311083446022828e-03
2.144726572289741215e-03
1.063449504952553460e-03
1.130727199764141634e-03
3.997977738562435816e-03
2.293941613089312687e-03
6.342289492866654693e-04
2.568658688518282891e-03
1.477313158134056260e-03
1.277629656428242019e-03
5.705577269649691986e-04
1.170022301076550138e-03
1.176743877225292900e-03
1.125490457685798589e-03
3.196871497472426101e-03
3.112301571699017597e-03
1.883145697336185889e-03
9.831584277201124017e-04
5.663392953025468603e-04
2.276756585479694679e-03
7.968299705324282788e-04
1.275445938451223900e-03
3.746446467202047079e-03
7.160367240953112444e-04
2.471791415764458544e-03
2.952946665985990010e-03
3.330357651073765583e-03
3.643257922718942058e-03
7.993662683000984231e-04
3.576379692789345179e-03
1.089296745656619580e-03
1.091931864740407730e-03
3.365129725807416462e-03
8.091690208481445989e-04
2.359907147549155683e-03
1.483414264368209138e-03
1.338069978665870673e-03
2.077239595960303498e-03
2.352531870905200540e-03
1.040874736106870780e-03
1.680906213225336716e-03
1.008962011531921218e-03
2.863116101136978751e-04
2.843972311116514228e-03
3.151495231408837656e-03
1.026767860580178778e-03
2.375000892414267425e-03
8.086065312910908909e-04
1.006283403102768790e-03
3.444580827666457977e-03
1.002002973561207013e-03
1.333351968727705889e-03
3.329589036773056808e-03
3.453575192786926141e-03
2.533761778795153626e-03
1.266694571105142844e-03
2.965418934465989011e-03
1.066877463750007943e-03
3.317110349874005919e-03
3.189088371088207984e-03
3.095523243933934448e-03
2.226297955145547635e-03
6.038727581177657025e-04
3.841890980555175833e-03
1.711210601729468237e-03
1.354300884276527124e-03
1.411330975905119873e-03
1.012377869273034265e-03
1.741238213830595145e-03
1.376837630072098775e-03
3.532480520077644313e-03
7.084336059169647802e-04
3.435479054062276754e-03
2.570787014123853721e-03
2.543109055953955873e-03
2.160215393381471113e-03
7.947647406503332689e-04
1.261020307108169257e-03
2.330066624304264530e-03
1.730784006986381494e-03
2.937784135194047071e-03
1.445389477759257118e-03
-7.985425722271065861e-05
2.012406910176187461e-03
1.260484049306603155e-06
1.243313308626557701e-03
1.590502096908582219e-03
1.128709691204042445e-03
1.350197273932223288e-03
2.565689232640579881e-03
3.276844335795091497e-03
1.542407790954543811e-03
1.125599736577998812e-03
1.800366736464280694e-03
7.827217782336610020e-04
1.437792135623971058e-03
2.274498660261763464e-04
1.269437402605224328e-03
3.367623435641336083e-03
4.195237590415275362e-04
2.111722905545421539e-03
8.168495866141390173e-04
1.784166416023719171e-03
2.618458020372106503e-03
1.185081640381829317e-03
6.248617061903609556e-04
1.470836780572260579e-03
3.478518448078488697e-03
1.663755234092240218e-03
3.418138825553513824e-03
1.352327140875341296e-03
9.401267442233234885e-04
8.118439894121503263e-04
7.976239170782844232e-04
3.043825511862303847e-03
1.246037147401536692e-03
2.750396281490692305e-03
7.178973365556317807e-04
1.017794973711734540e-03
6.489158940419105081e-04
1.325167625002695790e-03
2.465806220941496076e-03
2.616528057326298565e-03
2.475558298806451469e-03
3.062117009371268569e-03
3.601818580952348414e-03
1.206338462926163490e-03
3.963772677800247307e-03
1.038549838417853095e-03
1.115657000688165604e-03
1.075220193475049778e-03
9.340401529944512230e-04
8.417073200463237766e-04
1.072572466949847213e-03
1.896478399609990767e-03
2.301669653579958060e-03
-7.549872248000183764e-05
1.650764077421533905e-03
1.281202800330903712e-03
1.198264041267059965e-03
1.582048280962942977e-03
1.706542323921266674e-03
6.066253644390912775e-04
2.956906514706924248e-03
2.678103325194772406e-03
1.603469014114654052e-03
1.337882075864366312e-03
1.167749415673001055e-03
1.395252673894749069e-03
5.248594247284247638e-04
1.073591659687128316e-03
2.515238684561471247e-03
1.796988935928188480e-03
6.973556056972563281e-04
4.411157329799498552e-04
1.425494854149304477e-03
5.548677352410244339e-04
5.338160989358667688e-04
1.672549082359910729e-03
1.086910576699144995e-03
2.039975659950192879e-03
9.399789196363572512e-04
9.536952631395371333e-04
2.294900257504747451e-03
4.965149826680744991e-04
2.516798050011775315e-03
3.087810765267028426e-03
1.443799358998048904e-03
1.709729944596635395e-03
1.086039700890824343e-03
7.641393190114767909e-04
2.403913128461793863e-03
1.402186774193374917e-03
2.766790580174720640e-03
9.753413597773355394e-04
1.577457268983051102e-03
2.870788758449739630e-03
1.070423417172932734e-03
1.012160772351310307e-03
1.129291627787568607e-03
1.929431312884719116e-03
2.285128257434871583e-03
-3.241773666577284674e-04
2.651940749957149533e-03
3.119220154260006050e-03
8.349151399746292026e-04
2.338513041146945623e-03
1.717166890342594360e-03
9.692031487696708145e-04
1.646465005041991732e-03
5.156953560695918225e-04
2.190958679896789271e-03
1.348858635549347179e-03
8.680323810808477855e-04
1.273595454400711048e-03
1.264196043714501620e-03
2.941654663528018481e-04
1.145728444373316293e-03
1.933872960055953302e-04
1.432075160613344124e-03
1.151885762761026060e-03
4.955573404575100427e-05
1.071438862560968909e-03
1.265928696140204875e-03
1.060664278156805106e-03
2.959293042585658950e-03
7.808502151940830728e-04
1.130898248263578938e-03
6.293396937422458598e-04
8.694899245879259518e-04
9.967986714313154060e-04
2.719778166772284737e-03
2.213772075553204453e-03
3.061472852661515590e-03
8.770669418580031781e-04
1.767332951216387922e-03
1.672087865071190515e-03
9.751153223853102105e-04
1.392664710826038710e-03
1.378231891675150544e-03
8.364434316129040281e-04
1.592712011309587415e-03
3.501923483974610923e-03
2.795486508809261889e-03
9.777156411515863441e-05
1.452170555197974640e-03
2.427921080558683407e-03
1.489589001683530849e-03
8.962754390664311958e-04
1.627827604621486651e-03
1.207327501316777379e-03
2.548790806472749255e-03
1.146973114448446296e-03
6.371146012566819604e-04
9.735922958842889788e-04
2.439876042119279095e-03
1.538030957837763224e-03
6.206071633350012480e-04
1.020268892262708119e-03
4.215918193052512267e-03
2.492136106629404789e-03
7.340837451465138941e-04
1.078806048600662636e-03
2.965162754473475368e-03
1.324033688159127406e-03
1.520141046259384371e-03
1.174328546308305542e-03
1.252381735586184305e-03
6.653709016225274869e-04
1.185866405320292133e-03
2.424578147088623549e-03
8.765143333884666856e-04
1.728248496130651256e-03
7.152839514397240327e-04
1.237955845202989629e-03
8.746573856587740517e-04
2.663574801641525880e-03
7.308417804856508042e-04
3.003982831143696061e-03
1.956443201284425309e-03
7.322708047590344030e-04
2.225715009918298459e-03
8.520891259231111242e-04
4.162412613781742328e-04
2.578914586988389178e-03
1.592072045107219540e-03
2.833101277151047100e-03
1.125776377973879399e-03
1.421750575950259977e-03
3.137263313171195084e-03
1.539464203178103618e-03
1.277771667412262637e-03
2.556720788291880729e-03
7.786212701299152468e-04
8.732134191531951877e-04
-5.427780088700972019e-04
2.721346509112525063e-03
2.951768145703268040e-03
2.131133433521361937e-03
1.760101053048769397e-03
1.283786454934453041e-03
1.018059914291362215e-03
3.046202341068979507e-03
5.042149950255423287e-04
2.810350925123970573e-03
1.380237283177386575e-03
1.475315533974286926e-03
2.925250282252604217e-04
7.898526082227765727e-04
2.007806004898513019e-03
2.582788682218447457e-03
1.231747836842951105e-03
1.692869178853428111e-04
1.618419535146504648e-03
1.008433430942306782e-03
6.628750660077175737e-04
3.251885860645730830e-04
1.487478412468588775e-03
1.528034697718951571e-03
1.711717415305700173e-03
1.073261458742514295e-03
1.579587515904482247e-03
3.663102868102514464e-04
2.585488207925644086e-03
9.336489466926306763e-04
9.979763705476409931e-04
3.061918003561451759e-03
6.145745171987234117e-04
3.025788674879215621e-03
1.118232781040233393e-03
3.149297159910841633e-03
3.160315860955248413e-03
2.903899389130625008e-03
2.028102221012686827e-03
1.068792414662101580e-03
1.493600192948407995e-03
1.383211947161290230e-03
2.095981182788161576e-03
1.013680340301884638e-03
2.587895561779281293e-03
6.760420132253993622e-04
1.522092566829256338e-03
2.020884329983720605e-03
8.195730992621104482e-04
2.554145771046157330e-03
1.101623508804332576e-03
1.151385565606299856e-03
9.673173986862499026e-04
2.833149742356077735e-03
7.191195345733045110e-04
1.536399862635634290e-03
2.566095890063790040e-03
1.264871785869490237e-03
6.648663560061985472e-04
1.526071511423794311e-03
9.006130767120478246e-04
7.622530163810953274e-04
1.436825059212028157e-03
1.577550243496142783e-03
3.177885303459072625e-03
2.300367925025356437e-03
6.911155367171238281e-04
2.555651097841581988e-03
1.319897106549744285e-04
1.291820716483708248e-03
1.420688313266632065e-03
4.965553527110186816e-04
1.049051803380694065e-03
1.192384363505001382e-03
1.357939919536836713e-03
3.629228708783394357e-03
2.431809881124019287e-03
1.028260340272690258e-03
7.758287634433461925e-04
1.331880914221086117e-03
2.730392762983562503e-03
8.777316540032746887e-04
2.628974316020011442e-03
2.826151239970350719e-03
1.183774815821828346e-03
2.444436423726696443e-03
2.202239847233423324e-04
6.071806204568371912e-04
1.169407146839517887e-03
1.493566947137359852e-04
1.891433135842588570e-03
3.079037843089272187e-03
1.463072676455511555e-03
7.457050271473582986e-04
2.385402656800376681e-03
1.275762707401921058e-03
4.663327016282993714e-04
9.961574358121705417e-04
6.503065796003840897e-04
1.025996306526603084e-03
1.100769548256997883e-03
8.473755390880719635e-04
7.107679725247075279e-04
1.348174440192619929e-03
1.620219896415299411e-03
1.434782003658875184e-03
1.016027312079121085e-03
3.738980128535953403e-03
1.148751511154073434e-03
1.717801486972342362e-03
1.739499674544443559e-03
1.364396764590823955e-03
2.170039121683959259e-03
1.315743270976048535e-03
1.792243754278675331e-03
1.711850520767150326e-03
8.368471047987906773e-04
9.161524665212074543e-04
1.488627154264021441e-03
2.731988806962695315e-03
1.095884118368575886e-03
7.656973053369090475e-04
7.469572384623812678e-04
1.488451668850260560e-03
2.517117485235242317e-03
2.510588202015959745e-03
1.260854943536005458e-03
1.414748079484550412e-03
2.669681466821094938e-03
2.526873338462286636e-03
1.248632058986190235e-03
1.490821742963265809e-03
7.260091783212888408e-04
3.789886473359197448e-03
1.019051280129484047e-03
2.915028937794781998e-03
3.295087485250982121e-03
9.891679522274574726e-04
3.211802872492391416e-03
1.047727661181527964e-03
1.694886599197531919e-03
2.441119324654559587e-03
1.644024258757937392e-03
3.329073491555269246e-03
1.156641813166339305e-03
2.925385193360075312e-03
8.829730475260414834e-04
3.098325281982737371e-03
8.666602969620337393e-04
1.388290529180448082e-03
2.435116697622861578e-03
1.917546135569209729e-03
2.688321575762538367e-03
2.060727761564779166e-04
2.801368855628797241e-03
7.060304837794306471e-04
2.912258358859320766e-03
2.913586786241888129e-03
1.024940158727075112e-03
1.129003665799174858e-03
1.455282254619795317e-03
9.999031606159856922e-04
6.676460326430868394e-04
2.276160780629727688e-03
1.575911338246875106e-03
7.141910443200004486e-04
2.440659349395038914e-03
1.229090244626363177e-03
1.752002339249831685e-03
3.068799975638005807e-03
2.771931185058769138e-03
2.216359328179761789e-03
2.027642039931854337e-03
6.063863462919046477e-04
2.007584716767010953e-03
1.445953485881631192e-03
3.230497575653394886e-03
9.530222543721792285e-04
1.199917793600344292e-03
1.806068452864438307e-03
3.055979592885849907e-04
2.788080255598636079e-03
1.580711731630304352e-03
1.261023011079918238e-03
3.225336457318823524e-03
9.646067587991767178e-04
7.504103695385917500e-04
1.346385689831842113e-03
1.496743887692279090e-03
1.704823371408450711e-03
1.318698532899380965e-03
2.646093831300415627e-03
1.019299590729324384e-03
2.401007693668763630e-03
2.601433707082627909e-03
1.133720805342669675e-03
1.117121176564828729e-03
3.561482748057247585e-03
1.856258535795169903e-03
6.599620581833029508e-04
3.016998172350133199e-03
8.060432739866638628e-04
2.905017622171269121e-03
1.017506699182911490e-03
9.916150481115017061e-04
1.511884722250806268e-03
2.995944234568910687e-03
7.243424776650396815e-04
3.280925340039245099e-03
1.478725839617305547e-03
1.304121186784405317e-03
1.071044989475141308e-03
7.627693496169590283e-04
4.492211812137266152e-04
1.487521442629448180e-03
1.163783842377940237e-03
1.181688688001985860e-03
2.684284557283489209e-03
1.122853133898759747e-03
2.633875129883112010e-03
1.003757809525303215e-03
1.414713234514318073e-03
1.548380529375476856e-03
1.743389369112142897e-03
1.844192229477475357e-03
3.096186534564938225e-03
1.899937989785169170e-03
1.246735030163691974e-03
1.024387429516468266e-03
5.205944106183987494e-04
3.502305997436470052e-03
3.279897723018372103e-03
-5.064367713316777564e-04
2.838052806952865836e-03
6.008477600038522257e-05
4.079959239287443348e-03
1.896300236812654624e-03
8.822340579599989661e-04
3.186444007859975773e-03
4.410761500504988171e-04
3.085572475448485237e-03
3.414320826696468861e-03
1.370245032433064884e-03
6.237369004940002820e-04
2.244821336374105795e-03
1.025263781191205472e-03
2.691944936094446683e-03
2.303922378271417576e-03
1.544942396837130534e-03
6.421127898187520885e-04
1.020441441017181511e-03
1.130426562987777404e-03
1.215839845019168163e-03
2.987546230803769321e-04
3.245739278313146056e-03
1.800343018631774331e-03
7.616758706081596352e-04
9.002406285724610761e-04
1.187831172973543778e-03
1.428379791925543391e-03
1.437177448822557230e-03
1.484101449631253927e-03
6.033752078013996387e-04
1.861520937523496958e-03
2.886080363200383466e-03
1.429901879165699358e-03
1.636387570457364937e-03
8.416790864075531127e-05
1.497440574733119008e-03
1.787327499749815328e-03
1.597957136248802281e-03
1.475582783159683827e-03
1.362545850486624431e-03
1.248973291361431953e-03
2.861644071973818391e-03
1.744334008358260427e-03
1.231707179511643251e-03
1.886460968542923123e-03
1.128030328125927823e-03
2.598373327083673689e-03
1.585829563943288089e-03
4.533561128030943674e-04
2.634877712735306417e-03
1.715986601618845527e-03
2.661912298566241827e-03
2.910354549829659646e-03
1.220366128501935510e-03
3.158077009396634098e-03
9.933227921740095910e-04
2.121069334709570556e-03
5.425962969764968951e-04
7.559125054434186414e-04
2.716256049647744041e-03
8.768233299481006243e-04
1.632477751046265560e-03
2.781873081531531337e-03
2.882390375722369748e-03
1.265285313010469648e-03
2.974255763607994412e-03
2.500480900438267155e-03
2.289222457386071771e-03
1.262614839451650130e-03
1.666840889513072736e-03
1.224943591839354907e-03
2.863851553375440680e-03
1.212792209466211383e-03
2.886765520397036131e-03
2.775688618309357820e-03
1.937705115676240791e-03
2.543387557931892778e-03
2.489150660516281297e-03
2.486701132298004165e-03
3.214750673433087232e-03
1.456115089805660318e-03
4.392701714617606567e-04
3.840990754510127843e-04
2.228704795007182236e-03
5.735142179713751190e-04
2.391003208755456983e-03
8.416967646602451295e-04
1.223494425849440013e-03
3.318031480619155083e-03
6.879242810824947587e-04
1.517301615305601155e-03
6.081546748514170091e-04
4.155310552857533792e-03
8.471237222417920621e-04
1.704374166283192764e-03
2.233858369280093074e-03
3.345157651164924143e-03
7.844633237854775967e-04
2.049532306931138234e-03
3.145372611507486153e-03
1.336017865082597894e-03
2.472145255508168254e-03
1.608309936874778318e-03
1.535771645777703458e-03
2.666641226226754320e-03
6.774933707340305379e-04
3.126098280808384689e-03
2.889151467522658133e-03
1.121454879596010638e-03
2.317273718397101692e-03
1.321596071828340119e-03
1.302111983731129002e-03
8.900126532803226626e-04
3.340316187837715292e-03
2.968752394953378445e-03
2.517681520590332039e-03
2.936579342011137218e-03
3.188764144322704143e-03
8.832360325365857558e-04
2.702150498100855218e-03
1.839023841190280152e-03
2.723622776867136355e-03
1.156645958148801168e-03
1.521090079833531828e-03
1.230668596649780663e-03
1.127626583518272826e-03
1.243251324292477325e-03
1.515368439441209776e-03
2.248708007608179148e-03
4.219155236539744863e-03
7.705665903071024425e-04
7.026195680854170622e-04
6.577196172367792346e-04
1.303841838040730155e-03
4.490622378329155433e-04
3.221678200355398460e-03
1.364931819872864478e-03
2.724969539994117826e-03
3.483000627019134407e-04
6.837532956517901024e-04
2.161397457009523772e-03
1.541675974133647174e-03
1.403151386829064274e-03
2.170297340769151029e-03
2.579392194209136416e-03
1.261491118785082683e-03
1.167658484700149178e-03
1.972095984930920774e-03
2.313986946111546827e-03
1.310802325305734841e-03
1.244783112246207728e-03
1.487120333408889668e-03
2.873279321735193459e-03
7.126738070066516474e-04
2.047407238530863250e-03
1.478239622145133486e-03
2.972619428032189683e-03
1.365742053179957050e-03
1.710603105171189893e-03
1.174144184725601798e-03
1.810700371928876742e-03
3.704094743932137470e-03
1.223567160785688640e-03
3.964767277107740084e-04
8.618818753166231084e-04
2.673348808154634663e-03
8.587786465029175354e-04
6.131897716670864449e-04
1.165411809034422016e-03
1.057551698700584259e-03
9.796744755691199312e-04
1.260924524101082484e-03
1.952069768051648718e-04
2.327053857433997001e-03
1.302740425434641656e-03
2.612013328330886619e-03
2.363799842439238789e-03
1.001536889070860472e-03
1.234883608121798565e-03
1.682664449554271795e-03
1.319873372824986648e-03
9.908142556027941562e-04
2.094241122824927470e-03
1.079740824263372440e-03
8.990756960289773402e-04
3.102596143613426706e-03
2.552819702347526934e-03
1.179052822810833668e-03
1.149193734524616654e-03
1.613082161623709699e-03
2.604109451039924878e-03
2.001228768735272348e-03
2.569690700401490186e-03
1.932925552106049948e-03
2.232727990070183278e-03
1.117658041786116340e-03
1.647111996768110039e-03
7.787519092424736826e-04
1.246611231572260833e-03
1.014592631739604130e-03
1.039069186859956431e-03
1.421088700208825422e-03
2.172485022383665275e-03
3.923548263254169124e-03
3.510826476127167951e-03
8.919484455036383666e-04
3.431714324636671483e-03
1.133114812688723128e-03
1.094059408534892855e-03
3.594661620687291141e-04
1.190147719528814908e-03
2.942997356264737911e-03
2.409606043953256733e-03
2.441085987211675645e-03
3.091386707113014196e-03
1.420373916823520263e-03
1.041417574119135256e-03
3.292109444719318323e-03
3.613690994690873202e-03
2.615890419782415047e-03
2.473986942833563893e-03
1.740214929430460890e-03
1.411577745293963928e-03
2.960382081757407819e-03
1.123490169577765017e-03
9.922217478909717541e-04
1.734415858700477263e-03
3.266040350685092079e-03
1.231560550383556472e-03
5.237947261214720386e-04
1.452327506984900894e-03
3.165217243984274308e-03
2.789584602707863986e-03
1.568699352264729327e-03
5.891943782126495910e-04
2.443200931905449048e-03
1.481906574362485372e-03
-2.300736440020469120e-04
1.554766129266774112e-03
1.474650070104133095e-03
1.215475747321718113e-03
8.870066477070790226e-04
2.630038726539800451e-03
3.197433545975882953e-03
2.830291706746830300e-03
1.117737436004683470e-03
1.185935121136038640e-03
3.034418886374365930e-03
8.239843456181302969e-04
1.345610811810906597e-03
1.455183914452419253e-03
2.502110811934413464e-03
1.334430153187454639e-03
5.891083767059525356e-04
1.238429477311911659e-03
1.497381272919430864e-03
-4.344173814519185391e-04
5.719908733637210554e-04
2.753400213656385584e-03
7.854546412065302463e-04
1.148125697196364283e-03
2.356646607511190877e-04
1.356342335407522033e-03
1.881575494106813105e-03
1.733366007473638535e-03
2.700372295655175184e-03
2.789095811662118708e-03
1.142980816268378448e-03
1.971476436542409644e-03
2.718708804560882996e-03
3.369289521515816781e-03
3.178332599864683934e-04
1.176994277627843675e-03
7.717152412597774215e-04
2.775503408331614526e-03
1.111374418354047844e-03
3.000233773041130828e-03
1.266186832529091113e-03
6.646007609363498462e-04
1.410982567467543520e-03
1.148864677892079585e-03
1.191746538078280321e-03
5.955141072769730079e-04
1.591625067759644407e-03
1.178827218610587228e-03
1.208538316426645189e-03
2.587486024589296697e-03
1.672673101294303629e-03
1.071873533398251662e-03
3.024803042423110985e-03
1.112407986100188203e-03
3.337415778935628064e-03
2.775223921003691988e-03
3.302927876212303875e-03
2.921649981723705488e-03
1.300686732987605407e-03
1.146931182205591232e-03
4.222956655938950440e-04
3.333345048345824450e-03
9.644132399137597678e-04
2.591682559406513183e-04
1.067287604103770359e-03
3.217907676792278789e-03
2.842745261329372025e-03
1.286096111180415379e-03
2.562638274714016187e-03
9.521785634011686308e-04
2.244838405945828903e-03
3.270345282253101990e-03
2.036185927131904487e-03
2.593200506387398525e-03
9.335283256529541308e-04
8.686546189977462432e-04
1.811114879761260323e-03
1.385912263222441451e-03
1.158494390285019944e-03
2.903517093231772553e-03
1.468663991004099355e-03
3.184373219687819043e-03
1.002150563183729515e-03
1.808810094501599360e-03
1.224646237971494314e-03
3.876634662643445653e-03
2.908000805886184603e-03
9.521708539193445356e-04
2.461077307286374180e-03
2.494895171008485162e-03
1.004912274248399547e-03
-3.738242072463497244e-04
1.011295083308556397e-03
2.001934644208233985e-03
1.651424174862656767e-03
3.034407264061180290e-03
4.401046498836652145e-03
1.214668684015578247e-03
1.081510016397162861e-03
1.254684477167325235e-03
6.207257612567713013e-04
2.000279226597791952e-03
9.598878747806923080e-04
1.075438056719241675e-03
3.286037464278314044e-03
8.059776463530811223e-04
1.320048499057647953e-03
2.535810577790406552e-03
9.108640080440694783e-04
1.260223735377380503e-03
1.910651214191245659e-03
3.347626144048798311e-03
1.326960741128793610e-03
1.692858655595851688e-03
1.271427472379204867e-03
4.573320977360246955e-04
3.417706349576480132e-03
2.206537776655215569e-03
1.145284384598477083e-03
1.124853202077152198e-03
9.997109770632334972e-04
9.590020560631336592e-04
3.550973551170727351e-03
2.430118367165450596e-03
1.131171286537974814e-03
4.865664494974712706e-04
5.475680679972313395e-04
2.139866559807773738e-03
2.659975457262852769e-03
1.466091030557985274e-03
1.461130900164330382e-03
2.646290789885716657e-03
2.775440123138040241e-03
2.455450232751717719e-03
1.471375434807969604e-03
1.279506592643854697e-03
2.611605770413229655e-03
1.039297204169824067e-03
1.600396493738534889e-03
2.812115555498415076e-03
1.210602462809178210e-03
9.653758006573083354e-04
1.833068877041092726e-03
5.379091831401810152e-04
2.367270351486801348e-04
2.980579585576611200e-03
2.659573541344887899e-03
1.321667703754793050e-03
1.925613717877267461e-03
1.080896815114715769e-03
2.008955553049845272e-03
3.166807655191759569e-03
6.301103728564129772e-04
1.637300723371301180e-03
9.211091834627425359e-04
1.881319604867834209e-03
1.454235108517712297e-03
1.605015907694001126e-03
1.069914152074103461e-03
1.265807332418798954e-03
1.602437881354171027e-03
1.513126842894500779e-03
1.180988390589263626e-03
2.665613026117912357e-03
1.688048290913524326e-03
2.553414393455888040e-03
5.485589967914410430e-04
1.250581496051147382e-03
1.446369160145424999e-03
4.701761318282272548e-04
3.174409348990558238e-03
2.539956810852647944e-03
3.077450336236646836e-03
1.338815845490684553e-03
2.780914113738411266e-03
5.415023366427099312e-04
1.109118688531388237e-03
2.345779237978527602e-03
1.271289536423738861e-03
6.489325771029802719e-04
2.071196412262880492e-03
2.800521488959275239e-03
9.220379824528383839e-04
5.752657503223994155e-04
1.220444461724205527e-03
2.718059895567303576e-03
9.486995922110622037e-04
7.937676790419107183e-04
1.290335729440207115e-03
1.321964189866920488e-03
1.390863407131469375e-03
2.844050514779970264e-03
1.479057458979503043e-03
9.827787218660644433e-04
1.713984507236851473e-03
2.755240409859344326e-03
7.316700562932166359e-04
8.038833119160342620e-04
1.296073100938463550e-03
2.842288190757749546e-03
8.751066008285846454e-04
1.806209534041779141e-03
1.000968694365352626e-03
3.106307587483680618e-03
9.715629457651879866e-04
2.946101331915316861e-03
3.727032226187689586e-03
8.995462650126205550e-04
7.754996773564428771e-04
3.874848893759172755e-03
8.323228508202896872e-04
1.910614559612618980e-03
1.344384213576682932e-03
2.493669031260664203e-03
8.921963847788060877e-04
1.866354434051570267e-03
1.742304576033761781e-03
2.141716628473675551e-03
1.156417222552043930e-03
2.787453853024800601e-03
2.285178111569027143e-03
1.309799962440084172e-03
8.752405889921366410e-04
1.179860602775711313e-03
8.248244781027262891e-04
8.389745692306259947e-04
3.413266392827815285e-03
1.997377638065549882e-03
1.426762710096368030e-03
6.185389718620488107e-04
1.355336593654852227e-03
3.235547953437285795e-03
1.322202631030556987e-03
1.114663945296269650e-04
2.656376877282415339e-03
1.909592660796482089e-03
8.382465469397456202e-04
1.465455838631811837e-03
1.763190607868096987e-04
3.045839259980394689e-03
3.016853059904352208e-03
1.154888830355440838e-03
2.853276005314787315e-03
2.494192436816995012e-03
2.942073260177112404e-03
3.778756336771495108e-03
3.740645992568987846e-03
1.377472387798192458e-03
2.814365869482251051e-03
1.015362143098136544e-03
2.952521202176649606e-03
2.021603854796622229e-03
1.949196104581261881e-03
3.133740212312078818e-03
3.532536733940015716e-03
2.805167531724665937e-03
2.717029451144792676e-03
2.788195927824085613e-03
1.173947258321717587e-03
4.887715588271456229e-04
2.760819821270725331e-03
3.334698847940670893e-04
1.302987931987509545e-03
1.181843339880255797e-03
2.744586933294538254e-03
2.494711625474824428e-03
1.448926247821023371e-04
1.147129794526806097e-03
1.458143408846764022e-03
8.471634427399503398e-04
1.306519274172784646e-03
2.457206586862565462e-03
5.716575191783018501e-04
1.599222490593722084e-03
6.057057604287189104e-04
2.609024847310187877e-03
2.050631189996949839e-03
1.435910330753745233e-03
1.030968164269982544e-03
1.521257945682300081e-03
1.434250018885675987e-03
3.292560571150391670e-03
1.202145325431797996e-03
1.644525283384164205e-03
1.090600678379572298e-03
6.902702474914550537e-04
3.420401843719905136e-03
4.283634014408369169e-04
7.411592836879758034e-04
1.484606089016270343e-03
1.394387311586971255e-03
1.065246794815082401e-03
1.004446944923404481e-03
3.273608508985525068e-03
2.185103219927108948e-03
3.675263580620267805e-03
2.988543223193915795e-03
1.346715548826963541e-03
1.146907082332392167e-03
4.321957658091572091e-04
1.301292354116073821e-03
1.175475298833709775e-03
9.851693901798891980e-04
1.341439324201845100e-03
1.090051490309219091e-03
9.451925197406222572e-04
8.729248082746823931e-04
1.259472060543477762e-03
8.329110616560144766e-04
2.606534314763480666e-03
2.078867152045432969e-03
2.007611583743565496e-03
4.641015736302717219e-04
2.897823769822774429e-03
2.032180048853424528e-03
2.771611880585948991e-03
1.626409555444678200e-03
1.711894159354628280e-03
2.520219020414556088e-03
2.583263929995656578e-03
1.128976078326984506e-03
1.181440289285854784e-03
2.802372122506885301e-03
1.444367506583776450e-03
1.453384996959328082e-03
1.112715101169151196e-03
1.005839342382034525e-03
3.428761286860069774e-03
1.188145455727880172e-03
6.538971908815197553e-04
1.072409261827223827e-03
9.883824105093885239e-04
3.396224605499456768e-03
1.292326838037315215e-03
3.027850638481444697e-03
1.565788540541758955e-03
9.424814458717802566e-04
9.440739830944939667e-04
1.537766992759625247e-03
1.242463945932599468e-03
1.706219338171362145e-03
1.003419852487701927e-03
1.252401323603157066e-03
1.666437057229215504e-03
9.370943124626413424e-04
2.241581929330356895e-03
3.356584777690800343e-03
1.425653056372697992e-03
1.719126974268339689e-03
7.313618860025873029e-04
1.000709250058486738e-03
1.040230233902912724e-03
1.758747035612625003e-03
1.520411554111452627e-03
1.333016511235449826e-03
1.410212053765111601e-03
1.409140407617017312e-03
1.303855021895304611e-03
1.008712353655558547e-03
1.200075607561322966e-03
1.155488339857386028e-03
2.772300255511174830e-03
3.293077679310975683e-03
9.450366060183056430e-04
1.300445742347638772e-03
2.699112930352840813e-03
1.330976952762125695e-03
9.577034483238027395e-04
3.040666089314124701e-03
1.134103774224953049e-03
1.043779553000032806e-03
1.348044335545922059e-03
1.255551990409447963e-03
1.583935756321674850e-03
2.731987893677660477e-03
3.028862926146074549e-03
7.213041224262270110e-04
2.650386976639718117e-03
8.856901072752282637e-04
1.176408018686137154e-03
1.026552511530374068e-03
2.246532814051913421e-03
1.099276566777634967e-03
2.561755755306737922e-03
1.897620539599713689e-04
5.255361325401043844e-04
2.331463993241795866e-03
1.503856924814455948e-03
1.337004728274879782e-03
7.814219640629626240e-04
1.027279895799830881e-03
1.080045122941687610e-03
2.879400093134242347e-03
2.707789113988882945e-03
1.319322477596917903e-03
1.603492172550067315e-03
2.997658183890392763e-03
6.483185242735309967e-04
3.012109011204983783e-03
-2.820650904668733222e-04
2.669537811299203638e-03
2.204316618534514407e-03
7.617718226119273147e-04
6.044754975212358406e-04
1.403810482888366790e-03
2.734361727718247030e-03
1.716993756304435303e-03
2.448636961698995307e-03
4.075725093899318537e-03
1.221509645827347727e-03
9.299368177296996225e-04
1.964628001412966046e-03
2.715813385253191842e-03
1.454744782127085105e-03
2.046162120508180499e-03
2.353574555382013586e-03
2.736205230932419255e-03
5.156406801389749146e-04
2.480882856119131542e-03
5.177123450000706457e-04
4.049816956909160770e-03
1.297106979382566709e-03
3.658685796009492758e-03
1.097227644806740652e-03
1.555342199282512940e-03
1.290718063385216073e-03
1.331250366782021823e-03
1.152081860956048320e-03
3.133738998548870388e-03
8.108026382520766313e-04
3.427603702921825334e-03
4.399287565487366557e-04
9.548826189549829667e-04
1.876875110360188940e-03
2.546369803084318380e-03
7.494009769499099683e-04
1.081698112073320971e-03
3.134062888381312917e-03
1.400162327717527095e-03
2.603928860905723049e-04
3.370085971825477825e-03
1.437054999268985375e-03
1.057552528748173081e-03
1.126410884357327818e-03
4.580578239793122938e-04
1.274823526334714976e-03
1.392410701952774511e-03
2.434916751598973673e-03
6.303249198148721958e-04
3.259220419025268649e-03
1.305251275367066499e-03
1.369432538953620953e-03
1.027304324067467240e-03
1.300932942348041917e-03
1.095170211691431222e-03
2.948240028440096173e-03
1.423573913685466288e-03
9.085800379115211226e-04
1.488144704642420206e-03
1.450133917919129746e-03
4.670599777783532129e-04
2.357827124037024415e-03
1.179082707515521780e-03
2.752819411032330667e-03
3.354376048686657195e-03
2.790739746058446338e-03
2.585167143402556517e-03
3.312640846479905643e-03
2.611274642907511316e-03
1.178954098403395745e-03
3.769439721541042055e-05
1.012590843782414443e-03
1.623383400352753497e-03
1.156969171460959893e-03
5.974590381434068901e-04
9.628675100865557394e-04
1.145831458749664491e-03
1.026742865148394090e-03
2.938642296475338193e-03
2.303185622438727858e-03
9.543923253546080345e-04
3.887503718602541673e-04
6.372438958797451824e-04
1.375020743624033896e-03
3.083511562764701744e-04
5.857246140050251324e-04
1.459350114303061691e-03
2.447928105112583391e-03
1.764800375194448389e-03
2.519870963226619569e-03
2.783820088325997342e-03
2.120665331937029822e-03
1.156183748668173543e-03
3.147283973621622412e-03
6.887796065186027432e-04
1.383712551638402975e-03
1.189418818050684730e-03
1.232181143591048501e-03
1.534407723607536522e-03
7.277935650585756842e-04
7.650161847348084868e-04
3.099546670175920299e-03
7.876082679267110620e-04
3.022228612322480114e-03
1.304227127991833745e-03
1.718900805244913269e-03
1.590480995360818526e-03
3.041632818905327072e-03
1.174133509934515568e-03
1.172477566837557255e-03
1.504141856421235650e-03
1.300921248065593262e-03
7.632548042677399659e-04
1.217998879668462072e-03
8.521912452499594195e-04
1.060135378915725429e-03
1.936427070592759833e-04
1.192967653378792549e-03
2.856308527029534274e-03
1.520262997415660353e-03
1.112506287984349560e-03
3.759880339451442273e-05
1.039856710421654907e-03
7.734538226139683805e-04
-4.795039638261959850e-05
9.726505505629616825e-04
3.652173205534784382e-03
1.179634171357138699e-03
3.473122944171702989e-03
2.870217989408386378e-03
1.098498180023476647e-03
1.456222502960648462e-03
9.459126198899090766e-04
1.261398843579773256e-03
3.441075944364008470e-03
9.375949900297372635e-04
6.873851529112290273e-04
